0.5 0 0.2 
0.50041 -0.00141933 0.200463 
0.50041 -0.00141933 0.200463 
0.50033 -0.00193441 0.200762 
0.500703 -0.00239869 0.2014 
0.500703 -0.00239869 0.2014 
0.500977 -0.00277123 0.201914 
0.501063 -0.00314478 0.202394 
0.50153 -0.003904 0.203548 
0.50153 -0.003904 0.203548 
0.501686 -0.00396672 0.203717 
0.501082 -0.0048012 0.20308 
0.501073 -0.00514373 0.202541 
0.500945 -0.0054724 0.201762 
0.500889 -0.00559209 0.200833 
0.500887 -0.00537265 0.19975 
0.500803 -0.00522253 0.19871 
0.500685 -0.0051554 0.197605 
0.50054 -0.00519132 0.196554 
0.50103 -0.00552485 0.196097 
0.501225 -0.00523234 0.194398 
0.501582 -0.00518718 0.193194 
0.501482 -0.00523553 0.192734 
0.501154 -0.00499591 0.191673 
0.501067 -0.00468108 0.191174 
0.500972 -0.00429953 0.190719 
0.500855 -0.00394417 0.190375 
0.500683 -0.00355784 0.190028 
0.501094 -0.00287911 0.189998 
0.501094 -0.00287911 0.189998 
0.501644 -0.00200894 0.190219 
0.502938 0.00105529 0.190974 
0.503603 0.00273276 0.191047 
0.504311 0.00456382 0.19146 
0.505128 0.00612151 0.191683 
0.505668 0.00752277 0.19172 
0.506334 0.0090003 0.191919 
0.507042 0.0101656 0.192277 
0.50733 0.011432 0.19241 
0.507653 0.0124643 0.192693 
0.508233 0.0143524 0.193067 
0.508511 0.0150439 0.193139 
0.508683 0.0155437 0.193166 
0.50885 0.0160187 0.193103 
0.50953 0.0159032 0.19357 
0.509078 0.0161224 0.193025 
0.509078 0.0161224 0.193025 
0.509476 0.0159035 0.193142 
0.508843 0.0161326 0.192411 
0.508505 0.0162373 0.191774 
0.507819 0.0158976 0.190783 
0.506999 0.0148425 0.189417 
0.50632 0.0130513 0.187929 
0.505058 0.0112938 0.186093 
0.503825 0.00916957 0.184405 
0.502435 0.00705748 0.18262 
0.500913 0.00524624 0.1809 
0.500913 0.00524624 0.1809 
0.500028 0.00297664 0.179857 
0.499024 0.00127251 0.178874 
0.49879 -0.000106853 0.178336 
0.498363 -0.00136244 0.178146 
0.498331 -0.00188509 0.178123 
0.498427 -0.00222541 0.17822 
0.498557 -0.00216981 0.178301 
0.499096 -0.00207028 0.178722 
0.500981 0.000886741 0.181136 
0.50124 0.00249953 0.181952 
0.501658 0.0036872 0.182877 
0.50208 0.0050578 0.184053 
0.502822 0.00836524 0.186467 
0.503194 0.00997823 0.187606 
0.503194 0.00997823 0.187606 
0.503408 0.0115504 0.188837 
0.504516 0.0135542 0.191566 
0.505568 0.0148873 0.193925 
0.505568 0.0148873 0.193925 
0.505927 0.015269 0.195289 
0.506056 0.0158953 0.195733 
0.506419 0.0165099 0.196358 
0.506525 0.0167534 0.196403 
0.506591 0.0169811 0.196158 
0.506351 0.0168838 0.195624 
0.506003 0.0169161 0.194741 
0.505445 0.0168586 0.193394 
0.50468 0.0163848 0.19109 
0.504383 0.0162548 0.189446 
0.503971 0.0160383 0.187924 
0.503622 0.0159584 0.186454 
0.503357 0.0159578 0.184997 
0.503357 0.0159578 0.184997 
0.503023 0.0159542 0.183483 
0.502953 0.0158034 0.182366 
0.503067 0.0157964 0.181539 
0.503156 0.0158128 0.180674 
0.50309 0.0157259 0.179928 
0.503206 0.0157886 0.179314 
0.503277 0.0157941 0.178725 
0.503422 0.0154705 0.1779 
0.503697 0.0153385 0.177556 
0.504242 0.0153462 0.176894 
0.504126 0.0157855 0.176215 
0.501418 0.0182223 0.174877 
0.50168 0.0247194 0.173914 
0.514759 0.035236 0.168993 
0.535161 0.0485387 0.168452 
0.553662 0.048188 0.182156 
0.556646 0.0244506 0.235218 
0.552394 0.0176041 0.25922 
0.550456 0.0148285 0.279269 
0.550079 0.014861 0.28787 
0.549068 0.0149121 0.287075 
0.549549 0.0156084 0.283463 
0.549549 0.0156084 0.283463 
0.549549 0.0156084 0.283463 
0.552226 0.0194819 0.270012 
0.553696 0.0222793 0.263001 
0.5538 0.0243817 0.255336 
0.553501 0.0268858 0.24685 
0.55232 0.0288443 0.238021 
0.550555 0.0311237 0.229084 
0.548126 0.0329027 0.220556 
0.543464 0.0348841 0.211602 
0.538176 0.0362466 0.204005 
0.53501 0.0369133 0.199198 
0.533342 0.0370674 0.195749 
0.531714 0.0370916 0.192599 
0.53039 0.0373036 0.190222 
0.52892 0.0370915 0.188009 
0.528609 0.0370363 0.186496 
0.528609 0.0370363 0.186496 
0.527972 0.0369978 0.185159 
0.527452 0.0374531 0.184379 
0.527452 0.0374531 0.184379 
0.527453 0.0372808 0.184764 
0.527752 0.0382475 0.184338 
0.527845 0.0378581 0.185184 
0.527714 0.0374433 0.185231 
0.527745 0.0371977 0.1856 
0.527582 0.0368428 0.185956 
0.5279 0.0362963 0.186726 
0.527832 0.0355203 0.187372 
0.528067 0.0348268 0.188074 
0.527476 0.0336245 0.189452 
0.527882 0.0319223 0.191528 
0.527896 0.0313492 0.191975 
0.528058 0.0305525 0.192658 
0.527863 0.0297401 0.193072 
0.527825 0.0281496 0.194289 
0.527949 0.0271718 0.194727 
0.528077 0.0261477 0.195021 
0.528077 0.0261477 0.195021 
0.528362 0.0249192 0.195485 
0.528282 0.0235877 0.195641 
0.528158 0.020857 0.195129 
0.528122 0.0195317 0.194291 
0.528082 0.0181474 0.193428 
0.528069 0.0173686 0.192178 
0.527982 0.0164686 0.190686 
0.528001 0.01552 0.189049 
0.528112 0.0145551 0.187357 
0.528166 0.0139504 0.185677 
0.528027 0.0135055 0.183912 
0.528027 0.0135055 0.183912 
0.528451 0.0131701 0.182509 
0.529085 0.0131856 0.181023 
0.529879 0.0134878 0.179875 
0.531837 0.0142334 0.178101 
0.532571 0.01461 0.177301 
0.533127 0.0153323 0.176494 
0.533536 0.0161447 0.176016 
0.533934 0.0169326 0.17569 
0.534584 0.0177374 0.175671 
0.535328 0.0200096 0.175603 
0.536042 0.0211315 0.176342 
0.536479 0.0219716 0.177048 
0.537133 0.0229569 0.178012 
0.53765 0.0241155 0.179047 
0.538616 0.0250743 0.180688 
0.538824 0.0261241 0.181713 
0.53905 0.0267576 0.182905 
0.538209 0.0273261 0.183703 
0.538209 0.0273261 0.183703 
0.539119 0.0280387 0.186181 
0.538951 0.0288372 0.187781 
0.539033 0.0294093 0.189756 
0.538955 0.0295505 0.191238 
0.538701 0.0298332 0.192353 
0.538141 0.0300821 0.192911 
0.537641 0.0301715 0.193565 
0.536539 0.0301654 0.193672 
0.535973 0.0300216 0.194107 
0.535528 0.0298669 0.194287 
0.534959 0.0293594 0.194226 
0.534506 0.0286795 0.194099 
0.533837 0.0278856 0.193607 
0.533837 0.0278856 0.193607 
0.532974 0.0268422 0.192941 
0.532199 0.0256587 0.191938 
0.531613 0.0242853 0.190865 
0.531075 0.0229496 0.189532 
0.530064 0.0203959 0.186215 
0.529381 0.0186205 0.183691 
0.528803 0.0142472 0.179076 
0.528722 0.0121013 0.176821 
0.526862 0.00363764 0.164742 
0.526453 0.00203203 0.16257 
0.526447 0.000713892 0.160545 
0.526704 -0.000719769 0.156945 
0.528264 -0.00114231 0.15369 
0.528629 -0.000452229 0.15206 
0.529008 0.000703666 0.150535 
0.528232 0.00275331 0.148641 
0.529922 0.00646441 0.14796 
0.530803 0.00864985 0.148481 
0.531231 0.0109248 0.149294 
0.531867 0.012916 0.150707 
0.532866 0.0166272 0.154009 
0.534386 0.0203741 0.158919 
0.535396 0.0219871 0.161745 
0.536477 0.0235793 0.164496 
0.537403 0.0250284 0.167269 
0.538193 0.0266289 0.170258 
0.538678 0.0284447 0.173025 
0.539154 0.0300114 0.175936 
0.539725 0.0313389 0.178577 
0.53965 0.0325301 0.180594 
0.540036 0.0333173 0.183559 
0.540057 0.0346918 0.189117 
0.539951 0.035193 0.192579 
0.539951 0.035193 0.192579 
0.53988 0.0348355 0.193752 
0.539622 0.0340289 0.19457 
0.539194 0.0324921 0.194972 
0.538977 0.0313675 0.194691 
0.538656 0.02991 0.194065 
0.538125 0.0283561 0.193085 
0.537117 0.026647 0.191614 
0.536392 0.0246793 0.190336 
0.53526 0.0226198 0.188765 
0.534229 0.0203004 0.187564 
0.533487 0.0179377 0.186519 
0.532841 0.0156979 0.185482 
0.532201 0.0135326 0.184172 
0.532201 0.0135326 0.184172 
0.531696 0.0113907 0.183111 
0.531491 0.00924215 0.181951 
0.530989 0.00530134 0.179354 
0.530635 0.00342236 0.177876 
0.530591 0.00180078 0.176633 
0.529614 -0.000253538 0.173967 
0.528889 -0.000932848 0.172778 
0.52828 -0.00117599 0.17193 
0.528 -0.00135192 0.172071 
0.528159 -0.00116281 0.172704 
0.528489 -0.000862078 0.17354 
0.528862 -0.000791216 0.17523 
0.529266 -0.000683857 0.177549 
0.529904 -0.000658574 0.180677 
0.53033 -0.000885417 0.18579 
0.530577 -0.00117651 0.188275 
0.530959 -0.0015242 0.192325 
0.531072 -0.00213631 0.194202 
0.531116 -0.00273165 0.195968 
0.530988 -0.00354914 0.197133 
0.530833 -0.00430806 0.197967 
0.530326 -0.00479758 0.197871 
0.529802 -0.00528106 0.19718 
0.529566 -0.00512579 0.196624 
0.529003 -0.00497386 0.195714 
0.528748 -0.00418996 0.194442 
0.528706 -0.00200215 0.192096 
0.528817 -0.000540635 0.191153 
0.528817 -0.000540635 0.191153 
0.528851 0.000799588 0.190495 
0.529256 0.003148 0.189932 
0.529276 0.0054707 0.189487 
0.529589 0.00747111 0.189828 
0.529721 0.00960377 0.190085 
0.529722 0.0118836 0.190341 
0.530427 0.0142009 0.191119 
0.53088 0.0164858 0.191688 
0.531372 0.0188537 0.192099 
0.531993 0.0214161 0.192443 
0.531907 0.0240826 0.192102 
0.532287 0.0264657 0.192386 
0.532605 0.0291907 0.192184 
0.532813 0.0312957 0.192245 
0.532763 0.0334906 0.191969 
0.533215 0.0353906 0.192346 
0.533215 0.0353906 0.192346 
0.533919 0.038448 0.193208 
0.534211 0.039215 0.193615 
0.53489 0.0400301 0.193632 
0.534465 0.0394599 0.191899 
0.534201 0.038849 0.190485 
0.533077 0.0381746 0.188451 
0.532288 0.0370907 0.186245 
0.531725 0.035409 0.184023 
0.531329 0.0334604 0.18151 
0.530658 0.031006 0.178893 
0.53049 0.0286245 0.176666 
0.530089 0.0262419 0.174525 
0.530389 0.0233255 0.172906 
0.530669 0.0207288 0.171193 
0.531006 0.0177237 0.170072 
0.531731 0.014516 0.169318 
0.53243 0.0112927 0.168696 
0.533135 0.00834646 0.168186 
0.533337 0.00554159 0.167309 
0.533447 0.00276916 0.166874 
0.533446 0.000723331 0.166361 
0.53334 -0.00136749 0.16633 
0.533372 -0.00316144 0.166802 
0.533372 -0.00316144 0.166802 
0.532899 -0.00642593 0.168826 
0.532215 -0.00777999 0.17001 
0.531867 -0.00871265 0.171294 
0.531464 -0.0100273 0.173051 
0.531226 -0.0109681 0.1747 
0.531025 -0.0115011 0.17605 
0.531256 -0.011386 0.177434 
0.531293 -0.0108898 0.178653 
0.531552 -0.0107005 0.180691 
0.531552 -0.0107005 0.180691 
0.531552 -0.0107005 0.180691 
0.547383 -0.0134179 0.185495 
0.530721 -0.00404861 0.188185 
0.530548 -5.29443e-05 0.188995 
0.530548 -5.29443e-05 0.188995 
0.530548 -5.29443e-05 0.188995 
0.529699 0.00681395 0.18988 
0.529699 0.00681395 0.18988 
0.530333 0.0129797 0.190024 
0.530333 0.0129797 0.190024 
0.530333 0.0129797 0.190024 
0.529785 0.0194687 0.190226 
0.52975 0.0214588 0.189449 
0.53035 0.0227747 0.189506 
0.530393 0.0239727 0.189054 
0.530625 0.0249759 0.188926 
0.530625 0.0249759 0.188926 
0.530471 0.0259486 0.188378 
0.53019 0.0265478 0.187851 
0.529931 0.0271112 0.187462 
0.529717 0.0275311 0.187275 
0.529642 0.0280248 0.187042 
0.529688 0.0287173 0.186812 
0.529773 0.0294344 0.186542 
0.529811 0.0298134 0.18644 
0.529788 0.0299524 0.186443 
0.52841 0.0302026 0.185154 
0.527463 0.030147 0.18466 
0.52788 0.0298303 0.185718 
0.526971 0.0300116 0.185147 
0.526971 0.0300116 0.185147 
0.527299 0.0293501 0.186394 
0.526227 0.029035 0.185965 
0.525406 0.0285371 0.185916 
0.524792 0.0278602 0.185799 
0.523501 0.027233 0.185645 
0.523532 0.0259796 0.186023 
0.522784 0.0232777 0.185438 
0.523236 0.0208469 0.185884 
0.523313 0.0189586 0.185631 
0.523399 0.0170771 0.184945 
0.523942 0.015375 0.184099 
0.524252 0.0139844 0.182787 
0.524106 0.0126555 0.181329 
0.523041 0.0122872 0.178641 
0.523614 0.0102089 0.178375 
0.523609 0.00880476 0.17725 
0.521756 0.00914578 0.174114 
0.52257 0.00621122 0.172448 
0.522417 0.00505345 0.171009 
0.522522 0.00397138 0.169847 
0.522303 0.00350969 0.168252 
0.522135 0.00319701 0.166853 
0.521935 0.00309001 0.165635 
0.521678 0.00316836 0.164546 
0.521678 0.00316836 0.164546 
0.521488 0.0033145 0.163553 
0.522017 0.00373087 0.163073 
0.522892 0.00523153 0.162884 
0.523641 0.00651171 0.163423 
0.523641 0.00651171 0.163423 
0.524566 0.00693533 0.164248 
0.525255 0.0102339 0.165557 
0.526404 0.0128149 0.16708 
0.527538 0.0152953 0.168712 
0.528607 0.0179155 0.170407 
0.529512 0.0199932 0.172281 
0.529512 0.0199932 0.172281 
0.530112 0.0222612 0.17393 
0.529066 0.0247705 0.174214 
0.529526 0.0284243 0.176988 
0.531186 0.0320197 0.182002 
0.53382 0.0340234 0.186573 
0.534151 0.0344361 0.187754 
0.534101 0.0343912 0.188284 
0.532564 0.0340718 0.187062 
0.531297 0.03344 0.185791 
0.529916 0.0322421 0.184214 
0.529916 0.0322421 0.184214 
0.528294 0.0291324 0.181065 
0.526105 0.0258831 0.176343 
0.52495 0.0238268 0.173662 
0.523931 0.0216154 0.170855 
0.523218 0.0195008 0.168131 
0.523218 0.0195008 0.168131 
0.52263 0.017444 0.165683 
0.522262 0.0152964 0.163487 
0.522033 0.0132891 0.161663 
0.522149 0.0112353 0.160509 
0.521926 0.00961253 0.159264 
0.521741 0.00832696 0.158299 
0.521741 0.00832696 0.158299 
0.521868 0.00727981 0.157838 
0.522187 0.00596998 0.158308 
0.522496 0.00566755 0.159131 
0.523478 0.00689283 0.164497 
0.523692 0.00779629 0.165982 
0.523692 0.00779629 0.165982 
0.524224 0.00845482 0.167819 
0.524518 0.00944233 0.169604 
0.5249 0.0106662 0.171315 
0.525255 0.0120475 0.173084 
0.52597 0.0143788 0.175957 
0.526073 0.0152317 0.176751 
0.526128 0.0161047 0.17734 
0.525872 0.0169054 0.177465 
0.525957 0.0175364 0.177579 
0.52569 0.0181726 0.17739 
0.526075 0.0183375 0.177337 
0.525826 0.0188155 0.176683 
0.525719 0.019054 0.176113 
0.525622 0.01942 0.175327 
0.525567 0.0195472 0.174699 
0.523383 0.0202257 0.171919 
0.521626 0.0208741 0.17023 
0.521626 0.0208741 0.17023 
0.521124 0.0210733 0.169498 
0.520897 0.0212182 0.169015 
0.520601 0.0213693 0.168394 
0.520248 0.0216038 0.16787 
0.520248 0.0216038 0.16787 
0.520084 0.0218153 0.167467 
0.519857 0.0219606 0.167076 
0.519767 0.0219261 0.166945 
0.519767 0.0219261 0.166945 
0.519461 0.0222178 0.166816 
0.519271 0.0224726 0.166854 
0.519085 0.0225677 0.166889 
0.519242 0.0226439 0.16712 
0.519342 0.0227839 0.167336 
0.519392 0.0229078 0.167532 
0.519447 0.022941 0.167817 
0.519532 0.0229649 0.168113 
0.51966 0.0229789 0.168495 
0.519662 0.0229735 0.168742 
0.519757 0.0229614 0.168975 
0.519844 0.0229616 0.169074 
0.51998 0.0229535 0.168968 
0.519949 0.0228945 0.168788 
0.519903 0.0228214 0.16848 
0.519608 0.022294 0.167549 
0.51923 0.0220197 0.166924 
0.518886 0.0215286 0.166322 
0.518631 0.0210468 0.16571 
0.518473 0.0206196 0.165218 
0.518416 0.020154 0.164708 
0.51818 0.0196778 0.163702 
0.518201 0.0196821 0.163359 
0.518202 0.0196525 0.163032 
0.518115 0.0196076 0.162681 
0.518152 0.0195752 0.162459 
0.518222 0.0194913 0.162338 
0.518222 0.0194913 0.162338 
0.518355 0.0193943 0.162381 
0.518333 0.0193092 0.162323 
0.518338 0.0192611 0.162291 
0.518335 0.0191896 0.162344 
0.518529 0.0190784 0.162488 
0.518755 0.0190222 0.16272 
0.519077 0.0190483 0.163052 
0.519162 0.0191401 0.163284 
0.519182 0.0190918 0.16362 
0.519423 0.018961 0.164142 
0.519291 0.0189727 0.164604 
0.519268 0.0189341 0.165012 
0.519247 0.0189249 0.165509 
0.519247 0.0189249 0.165509 
0.519312 0.0187824 0.166069 
0.519346 0.0186534 0.166601 
0.519204 0.0187174 0.166939 
0.519304 0.0186877 0.167474 
0.519483 0.0185126 0.167987 
0.520886 0.0175863 0.174143 
0.521123 0.0167371 0.175885 
0.521332 0.0164531 0.176459 
0.521102 0.0163216 0.176545 
0.520844 0.0160893 0.17644 
0.520392 0.0155892 0.176059 
0.519954 0.0150266 0.175255 
0.519483 0.0147273 0.174108 
0.519483 0.0147273 0.174108 
0.518069 0.0145426 0.172485 
0.516638 0.0144038 0.17035 
0.516274 0.0139935 0.168339 
0.51643 0.0136172 0.165892 
0.516512 0.0130105 0.163093 
0.516562 0.0123024 0.160433 
0.516699 0.0116679 0.158014 
0.517153 0.0111178 0.156081 
0.517308 0.0108712 0.154245 
0.520457 0.0102852 0.152635 
0.521742 0.0110093 0.15218 
0.522643 0.0115292 0.152003 
0.523577 0.0122073 0.152005 
0.523663 0.0132945 0.152088 
0.524431 0.0140057 0.152625 
0.524433 0.0152386 0.153149 
0.524551 0.0164053 0.153952 
0.524599 0.017666 0.154774 
0.520911 0.0217811 0.156357 
0.520681 0.022741 0.157613 
0.52057 0.0235121 0.158988 
0.520231 0.0244823 0.160533 
0.520074 0.0250342 0.162457 
0.519983 0.0253143 0.164234 
0.520317 0.0256971 0.167536 
0.519939 0.0258088 0.168605 
0.519786 0.0258651 0.169387 
0.51963 0.0257245 0.170028 
0.519523 0.0252931 0.170929 
0.519852 0.024652 0.171776 
0.519843 0.0241242 0.172284 
0.519226 0.0233429 0.172486 
0.518993 0.0227271 0.172721 
0.518972 0.0219746 0.172723 
0.518452 0.0214165 0.172168 
0.517092 0.0209459 0.171154 
0.517092 0.0209459 0.171154 
0.51594 0.0205885 0.170025 
0.514864 0.0205704 0.168517 
0.513755 0.0202449 0.166676 
0.512695 0.0199947 0.16428 
0.511723 0.0196523 0.161827 
0.510972 0.0189845 0.159513 
0.5101 0.0186806 0.157302 
0.509499 0.0183066 0.155436 
0.509487 0.0177673 0.154168 
0.509836 0.0171332 0.153211 
0.509993 0.0161888 0.15238 
0.5102 0.0153758 0.151469 
0.5102 0.0153758 0.151469 
0.510417 0.0145857 0.150761 
0.511084 0.0126229 0.149842 
0.511688 0.0112244 0.149734 
0.512503 0.00811853 0.149834 
0.512798 0.00641609 0.150156 
0.512558 0.00447521 0.150448 
0.512694 0.00257834 0.150993 
0.512497 0.000708141 0.151538 
0.512075 -0.000800261 0.151933 
0.511547 -0.00226617 0.152355 
0.511176 -0.00362147 0.15274 
0.510923 -0.00425197 0.153115 
0.510708 -0.00433886 0.153354 
0.5109 -0.00431459 0.153677 
0.511141 -0.00411747 0.153917 
0.511732 -0.00389365 0.154501 
0.512649 -0.00286133 0.155354 
0.513275 -0.00142084 0.155897 
0.513729 0.000141661 0.156422 
0.514474 0.00147436 0.157177 
0.515066 0.0032623 0.157634 
0.515453 0.00549856 0.15792 
0.51588 0.00775936 0.158285 
0.517003 0.012089 0.159069 
0.520447 0.0133778 0.160931 
0.518729 0.0161629 0.15994 
0.518642 0.0181032 0.160082 
0.518362 0.0200836 0.160092 
0.518282 0.0221338 0.160128 
0.518341 0.0239015 0.160271 
0.518439 0.0251468 0.160605 
0.51877 0.0261609 0.160965 
0.519086 0.0269629 0.161405 
0.519527 0.0275694 0.161872 
0.519885 0.0280072 0.162233 
0.519961 0.0282321 0.162453 
0.519854 0.0282452 0.162707 
0.519801 0.0280416 0.162991 
0.519571 0.0271235 0.163825 
0.519349 0.0266115 0.164147 
0.518825 0.0255913 0.164453 
0.518337 0.0246582 0.164616 
0.518262 0.023583 0.164881 
0.518361 0.0227103 0.165225 
0.518216 0.0217617 0.16542 
0.518414 0.0206728 0.165601 
0.518458 0.0195885 0.165694 
0.518456 0.0186089 0.165669 
0.518096 0.0176405 0.16555 
0.517833 0.0166977 0.165288 
0.517672 0.0143501 0.165151 
0.517442 0.0131194 0.164928 
0.516987 0.0116229 0.164459 
0.516494 0.010023 0.164178 
0.516494 0.010023 0.164178 
0.515816 0.00849149 0.163527 
0.515279 0.00694209 0.162817 
0.514405 0.00521896 0.162125 
0.513665 0.0029297 0.161382 
0.512718 0.0013493 0.160343 
0.511844 -0.000211535 0.159113 
0.510726 -0.00136878 0.157613 
0.509969 -0.00241987 0.156196 
0.509492 -0.00349522 0.15493 
0.509035 -0.00424631 0.15377 
0.509049 -0.00437456 0.152809 
0.509136 -0.00415588 0.152232 
0.509354 -0.004095 0.151932 
0.509517 -0.00392835 0.151667 
0.509917 -0.00364359 0.151603 
0.510156 -0.00327421 0.151516 
0.510543 -0.0026022 0.151616 
0.511159 -0.00124136 0.151879 
0.511313 -0.000531814 0.152217 
0.511521 8.52505e-05 0.152559 
0.511602 0.000787986 0.152817 
0.511725 0.00152522 0.15307 
0.511765 0.00202364 0.153458 
0.512172 0.00277616 0.154283 
0.512078 0.00338212 0.154531 
0.511978 0.00372232 0.154846 
0.511955 0.00396054 0.155204 
0.511909 0.00437222 0.155766 
0.511677 0.00456296 0.155908 
0.511676 0.00456909 0.156131 
0.511851 0.00448474 0.156597 
0.511851 0.00448474 0.156597 
0.511851 0.00448474 0.156597 
0.511851 0.00448474 0.156597 
0.511313 0.00460247 0.156883 
0.51154 0.00454011 0.157115 
0.511475 0.00445845 0.157303 
0.511377 0.00455072 0.157362 
0.511151 0.00464314 0.157304 
0.511037 0.00469271 0.157281 
0.510986 0.00474894 0.157269 
0.510921 0.00485215 0.157301 
0.510797 0.00512176 0.157277 
0.510692 0.00551061 0.15723 
0.510633 0.00591723 0.157079 
0.510633 0.00591723 0.157079 
0.510608 0.00626239 0.157038 
0.510493 0.00654603 0.157109 
0.510314 0.00681952 0.157116 
0.510255 0.00702449 0.157131 
0.510113 0.00717678 0.157051 
0.510175 0.00746203 0.156982 
0.510256 0.00763807 0.156917 
0.509847 0.00804497 0.156712 
0.509761 0.00812248 0.15668 
0.509679 0.00821879 0.156676 
0.509738 0.00821799 0.156725 
0.509909 0.00829734 0.156821 
0.509852 0.0084475 0.156789 
0.509768 0.00851838 0.156814 
0.509833 0.00850911 0.156858 
0.510008 0.00848206 0.156979 
0.510071 0.00854798 0.157069 
0.509944 0.00859317 0.157082 
0.509882 0.00865219 0.157122 
0.510001 0.00868003 0.157245 
0.510184 0.00876398 0.157402 
0.510224 0.00897579 0.157529 
0.51027 0.00907914 0.157687 
0.51027 0.00907914 0.157687 
0.510375 0.00911328 0.15789 
0.510497 0.00920113 0.158052 
0.510631 0.00925049 0.158238 
0.510679 0.00932975 0.158368 
0.510794 0.0093854 0.15855 
0.510956 0.00937355 0.158977 
0.510964 0.00945842 0.159109 
0.510924 0.00949415 0.159173 
0.511015 0.00949107 0.159296 
0.511015 0.00949107 0.159296 
0.511044 0.00953326 0.159432 
0.511081 0.00952513 0.15958 
0.511105 0.00957181 0.159655 
0.511173 0.0095641 0.15979 
0.511173 0.0095641 0.15979 
0.511156 0.00954938 0.159899 
0.510826 0.00965965 0.159953 
0.510476 0.00971196 0.160036 
0.510137 0.00969892 0.16003 
0.509938 0.00967695 0.159966 
0.509801 0.00966527 0.159877 
0.509868 0.00959616 0.159885 
0.509851 0.00957706 0.159884 
0.509657 0.00947435 0.159832 
0.509741 0.00937254 0.159996 
0.509628 0.00917147 0.160031 
0.509582 0.00917691 0.160012 
0.509477 0.00912498 0.159933 
0.509619 0.00901798 0.160012 
0.509646 0.00897081 0.159982 
0.509657 0.00903984 0.159914 
0.509657 0.00903984 0.159914 
0.509559 0.00906065 0.159843 
0.509662 0.00901764 0.159823 
0.509831 0.00898429 0.159768 
0.50993 0.00890198 0.159773 
0.509911 0.00884738 0.159714 
0.509837 0.00883881 0.159628 
0.509747 0.00891695 0.15944 
0.509601 0.00905564 0.159166 
0.50938 0.00923371 0.158774 
0.509159 0.00945996 0.158326 
0.508861 0.00979837 0.157694 
0.508861 0.00979837 0.157694 
0.508861 0.00979837 0.157694 
0.508861 0.00979837 0.157694 
0.50876 0.0101375 0.155346 
0.508526 0.0104953 0.154236 
0.508697 0.0105715 0.15323 
0.508697 0.0105715 0.15323 
0.509052 0.0107211 0.151536 
0.509151 0.0106687 0.150874 
0.5093 0.0106265 0.151073 
0.509318 0.0105261 0.151341 
0.509822 0.0102298 0.151998 
0.510413 0.00974623 0.152929 
0.510808 0.00921074 0.154178 
0.511126 0.00896904 0.155558 
0.511404 0.00863717 0.157051 
0.511494 0.0085701 0.158544 
0.511685 0.00854364 0.16021 
0.51191 0.00843322 0.161985 
0.511966 0.00824256 0.164991 
0.511907 0.0078933 0.166174 
0.512071 0.00732702 0.167544 
0.512411 0.00676421 0.168672 
0.512483 0.00622237 0.169697 
0.511901 0.00561801 0.170071 
0.511642 0.00524301 0.170513 
0.511642 0.00524301 0.170513 
0.511185 0.00450261 0.17061 
0.510885 0.00432273 0.170476 
0.510321 0.00423704 0.169971 
0.509845 0.00422125 0.168732 
0.509845 0.00422125 0.168732 
0.509523 0.00441055 0.168025 
0.508785 0.00474535 0.166928 
0.50852 0.00499826 0.165796 
0.508318 0.00508803 0.164631 
0.508513 0.00517822 0.16377 
0.508539 0.0052989 0.162942 
0.508539 0.0052989 0.162942 
0.50853 0.0054969 0.162226 
0.508446 0.00550679 0.16172 
0.508308 0.00470283 0.160954 
0.509159 0.00305035 0.161276 
0.517031 -0.00603313 0.175079 
0.517753 -0.00589214 0.177749 
0.517143 -0.00683771 0.182281 
0.51399 -0.00767465 0.184841 
0.507552 -0.00965054 0.186595 
0.505234 -0.0105317 0.186709 
0.504459 -0.0125341 0.188806 
0.505128 -0.0137763 0.189955 
0.506298 -0.0149145 0.190681 
0.506298 -0.0149145 0.190681 
0.506565 -0.0156364 0.190808 
0.506613 -0.0163192 0.190981 
0.505835 -0.0162112 0.190545 
0.505684 -0.0161577 0.190457 
0.505359 -0.0161438 0.19026 
0.505302 -0.0164701 0.190579 
0.505 -0.0168376 0.190571 
0.504952 -0.0166004 0.190081 
0.505357 -0.016522 0.18951 
0.506463 -0.0157649 0.189024 
0.506463 -0.0157649 0.189024 
0.50695 -0.0153091 0.189049 
0.507273 -0.0148433 0.188813 
0.507435 -0.0146125 0.1885 
0.507295 -0.0138764 0.188126 
0.507499 -0.0133831 0.187936 
0.507368 -0.0122383 0.187665 
0.507368 -0.0122383 0.187665 
0.507725 -0.0123037 0.18805 
0.507834 -0.0115215 0.187547 
0.508536 -0.0102597 0.186584 
0.508501 -0.0101543 0.186296 
0.508648 -0.00972613 0.186098 
0.508818 -0.00943976 0.185842 
0.509146 -0.00940368 0.185906 
0.509387 -0.00899052 0.185803 
0.509551 -0.00861538 0.185687 
0.509965 -0.00849532 0.186139 
0.510027 -0.00818024 0.186257 
0.509873 -0.00775494 0.18609 
0.510109 -0.00738223 0.186103 
0.510109 -0.00738223 0.186103 
0.510114 -0.00723925 0.186125 
0.509789 -0.00710821 0.185979 
0.509583 -0.00674305 0.185733 
0.509583 -0.00674305 0.185733 
0.509683 -0.0067378 0.185785 
0.509711 -0.00607983 0.185769 
0.50966 -0.00585982 0.18578 
0.50969 -0.00549669 0.185736 
0.509825 -0.00521037 0.185794 
0.51004 -0.00471155 0.185905 
0.510064 -0.00452323 0.185847 
0.510082 -0.00425415 0.185687 
0.510191 -0.00403629 0.185537 
0.510286 -0.00361547 0.185187 
0.510323 -0.00336327 0.184946 
0.510259 -0.00307686 0.184748 
0.510411 -0.0026196 0.184415 
0.510523 -0.00243379 0.184368 
0.510683 -0.00194593 0.18396 
0.51046 -0.00135575 0.18343 
0.51046 -0.00135575 0.18343 
0.510596 -0.000823132 0.183263 
0.510867 -0.000423105 0.183239 
0.510994 -0.000163296 0.18339 
0.511141 0.000117675 0.183637 
0.511517 0.000801759 0.184504 
0.512151 0.000759282 0.185723 
0.512783 0.000659031 0.187511 
0.513299 0.000660482 0.189821 
0.513108 0.00100937 0.192241 
0.51344 0.00103542 0.19502 
0.513379 0.000984135 0.197753 
0.513444 0.000721214 0.200219 
0.513703 0.000716757 0.202385 
0.513703 0.000716757 0.202385 
0.513703 0.000716757 0.202385 
0.513643 -0.0012372 0.205951 
0.513532 -0.00233371 0.206998 
0.513532 -0.00233371 0.206998 
0.512305 -0.00497751 0.206192 
0.511297 -0.00817486 0.203488 
0.510519 -0.00953186 0.201394 
0.51031 -0.0101633 0.199064 
0.509674 -0.0093482 0.182243 
0.509461 -0.0090694 0.179285 
0.509372 -0.00865214 0.176572 
0.509372 -0.00815641 0.174172 
0.509635 -0.00725005 0.17222 
0.510901 -0.00393359 0.168779 
0.510961 -0.00206933 0.167495 
0.511272 0.000387576 0.166708 
0.51192 0.00301709 0.166483 
0.51261 0.00565897 0.166604 
0.514325 0.0116119 0.168198 
0.515238 0.0144265 0.169458 
0.51619 0.0172554 0.171163 
0.517521 0.0197933 0.173259 
0.518817 0.0215103 0.175635 
0.519521 0.0225589 0.177675 
0.520426 0.0229022 0.180077 
0.52095 0.0235327 0.183022 
0.52124 0.0229381 0.187658 
0.52124 0.0229381 0.187658 
0.521415 0.0216349 0.189828 
0.520972 0.0197979 0.191348 
0.519565 0.0174499 0.192362 
0.518494 0.0152789 0.193247 
0.517715 0.0128234 0.193754 
0.516018 0.00776029 0.193936 
0.514623 0.00517355 0.193532 
0.512863 0.000328786 0.192853 
0.511887 -0.0017684 0.192077 
0.511519 -0.00330812 0.191318 
0.510986 -0.00505952 0.190707 
0.510502 -0.00671378 0.189811 
0.510152 -0.0081613 0.188887 
0.509933 -0.00932632 0.187567 
0.509872 -0.00997668 0.1862 
0.509467 -0.0106155 0.184684 
0.508138 -0.0109364 0.18121 
0.507571 -0.0114703 0.176864 
0.507471 -0.0114624 0.175407 
0.507515 -0.0112263 0.174412 
0.507878 -0.0104023 0.173252 
0.50807 -0.0091389 0.172222 
0.509122 -0.00746271 0.171667 
0.509803 -0.00555909 0.17138 
0.51058 -0.00360505 0.171493 
0.511454 -0.0015516 0.172064 
0.51244 0.000420023 0.173124 
0.513058 0.00241717 0.174123 
0.513823 0.00448723 0.175283 
0.514496 0.00615568 0.176671 
0.514783 0.00778544 0.178029 
0.515166 0.00920917 0.179516 
0.515457 0.0100645 0.180933 
0.515842 0.01056 0.182311 
0.51626 0.0104885 0.183658 
0.51626 0.0104885 0.183658 
0.516468 0.0106551 0.185192 
0.516871 0.0106313 0.186668 
0.516325 0.00906116 0.187966 
0.515448 0.00782691 0.187706 
0.514779 0.00655792 0.187117 
0.514206 0.00509073 0.186504 
0.513634 0.00358222 0.185624 
0.512745 0.0021616 0.184541 
0.512178 0.000663065 0.183563 
0.511291 -0.000646463 0.18219 
0.510822 -0.00323106 0.181343 
0.510102 -0.00421798 0.180158 
0.509547 -0.00505456 0.179262 
0.509297 -0.00546099 0.17837 
0.509582 -0.00537165 0.177668 
0.510163 -0.00472522 0.177178 
0.510658 -0.00384132 0.177097 
0.510919 -0.00291243 0.177092 
0.511011 -0.00189234 0.177116 
0.511056 -0.000553356 0.177038 
0.511199 0.000985422 0.177065 
0.511463 0.00246038 0.17728 
0.512046 0.00402404 0.177734 
0.512168 0.00569555 0.17801 
0.51238 0.00732955 0.178265 
0.512551 0.00891676 0.178489 
0.512882 0.0105586 0.178898 
0.513302 0.0116668 0.179316 
0.513586 0.0129658 0.179656 
0.513871 0.0151046 0.180011 
0.513851 0.0156404 0.180175 
0.513878 0.016034 0.180246 
