0.5 0 0.2 
0.500617 -0.00110606 0.200696 
0.500617 -0.00110606 0.200696 
0.500596 -0.00153663 0.20109 
0.501059 -0.00190211 0.201887 
0.501059 -0.00190211 0.201887 
0.501398 -0.00220468 0.202538 
0.501538 -0.00253957 0.203114 
0.502092 -0.00323867 0.20447 
0.502092 -0.00323867 0.20447 
0.502311 -0.00328841 0.204646 
0.501775 -0.00416676 0.203907 
0.501808 -0.00451332 0.203357 
0.501703 -0.00484152 0.202554 
0.501647 -0.00496399 0.201575 
0.501696 -0.00475069 0.200394 
0.50167 -0.00461299 0.19925 
0.50157 -0.00455894 0.198062 
0.501494 -0.00457602 0.197025 
0.502065 -0.00487104 0.196698 
0.502407 -0.0045182 0.194999 
0.502894 -0.00437754 0.193917 
0.502861 -0.00437001 0.193518 
0.502624 -0.00404393 0.192453 
0.502569 -0.00371495 0.191896 
0.502538 -0.00330068 0.191386 
0.502481 -0.00290533 0.191005 
0.502341 -0.00248742 0.19063 
0.502805 -0.00177972 0.190592 
0.502805 -0.00177972 0.190592 
0.503469 -0.000863878 0.190809 
0.505027 0.00236689 0.19158 
0.5058 0.00407484 0.191556 
0.506864 0.00608393 0.19192 
0.507839 0.00771017 0.192138 
0.508466 0.00914543 0.192129 
0.50925 0.010662 0.192297 
0.510034 0.0118651 0.192668 
0.510358 0.0131365 0.192715 
0.510743 0.014191 0.192965 
0.511424 0.0161231 0.193266 
0.511746 0.0168489 0.193319 
0.511951 0.0173567 0.193306 
0.512154 0.0178517 0.193204 
0.51295 0.0178696 0.193777 
0.512515 0.018093 0.193121 
0.512515 0.018093 0.193121 
0.513006 0.0180048 0.193262 
0.51233 0.0182164 0.192321 
0.511975 0.0183163 0.191492 
0.511268 0.0179723 0.190273 
0.510405 0.0168937 0.188738 
0.5097 0.0150927 0.1872 
0.508407 0.0133053 0.185189 
0.507147 0.0111472 0.183404 
0.505712 0.00899336 0.181498 
0.504057 0.00708057 0.179604 
0.504057 0.00708057 0.179604 
0.503072 0.00471241 0.178598 
0.501917 0.00287933 0.177556 
0.501617 0.00141989 0.17705 
0.501123 9.64937e-05 0.176913 
0.50104 -0.000477448 0.1769 
0.50111 -0.000849724 0.17705 
0.501225 -0.00081638 0.177145 
0.501775 -0.000736386 0.17766 
0.50383 0.00223251 0.180256 
0.504127 0.00384305 0.181001 
0.504608 0.00504148 0.182001 
0.505061 0.00641472 0.183202 
0.50595 0.00978915 0.185556 
0.506375 0.0114327 0.186634 
0.506375 0.0114327 0.186634 
0.506644 0.0130457 0.187777 
0.507873 0.0151591 0.190544 
0.509053 0.0166137 0.192943 
0.509053 0.0166137 0.192943 
0.509455 0.0171135 0.194282 
0.50961 0.017806 0.19459 
0.509992 0.0185125 0.195098 
0.510104 0.0187814 0.195088 
0.510195 0.0190407 0.194783 
0.509947 0.0189541 0.194207 
0.509596 0.0189934 0.193228 
0.509031 0.0189367 0.191738 
0.508345 0.0185665 0.189291 
0.508032 0.0184723 0.18754 
0.507597 0.018274 0.18593 
0.507221 0.0182096 0.184352 
0.506933 0.0182235 0.182801 
0.506933 0.0182235 0.182801 
0.506563 0.0182326 0.181169 
0.506482 0.0181 0.180005 
0.506591 0.0181137 0.179132 
0.506664 0.0181497 0.178225 
0.506589 0.018077 0.17745 
0.506712 0.0181622 0.176819 
0.506777 0.0181775 0.176225 
0.506889 0.0178468 0.17543 
0.507169 0.0177168 0.175122 
0.507754 0.0177356 0.174527 
0.507683 0.0181055 0.173831 
0.504149 0.0197686 0.172302 
0.502217 0.024173 0.171756 
0.505563 0.0312884 0.171477 
0.508563 0.0358121 0.172918 
0.503249 0.0275999 0.183558 
0.477724 0.00539443 0.222125 
0.462806 -0.00530367 0.24142 
0.455719 -0.0109239 0.253434 
0.45422 -0.0122382 0.257361 
0.45122 -0.0135031 0.258178 
0.449738 -0.0142073 0.254142 
0.449738 -0.0142073 0.254142 
0.449738 -0.0142073 0.254142 
0.450471 -0.0109669 0.237073 
0.451509 -0.00749563 0.229649 
0.451495 -0.00540158 0.223986 
0.451991 -0.00228236 0.216159 
0.451625 0.000805604 0.208726 
0.451363 0.00353352 0.202134 
0.450982 0.00571178 0.197229 
0.450367 0.00777427 0.192519 
0.448176 0.00947004 0.188144 
0.446492 0.0103053 0.185399 
0.445528 0.0105687 0.183121 
0.444193 0.0108548 0.180887 
0.443162 0.0110894 0.178809 
0.441717 0.0111283 0.177489 
0.441614 0.0110747 0.176064 
0.441614 0.0110747 0.176064 
0.440891 0.0115143 0.175086 
0.440573 0.0120801 0.174066 
0.440573 0.0120801 0.174066 
0.44077 0.0117842 0.175254 
0.441192 0.0127808 0.17399 
0.441638 0.0123783 0.174363 
0.441621 0.0120568 0.174557 
0.441768 0.0118659 0.174776 
0.441662 0.0117575 0.175083 
0.442086 0.0112967 0.175307 
0.441998 0.0107289 0.1761 
0.442401 0.00996197 0.176733 
0.441989 0.0091009 0.178251 
0.442457 0.00775646 0.179605 
0.442488 0.00727532 0.180035 
0.442739 0.00647108 0.180628 
0.442566 0.00594084 0.181186 
0.442803 0.0045783 0.182424 
0.443062 0.00353202 0.18323 
0.44331 0.00246832 0.183688 
0.44331 0.00246832 0.183688 
0.443811 0.00100857 0.184035 
0.443747 -0.000251946 0.184266 
0.443509 -0.00279918 0.184108 
0.44333 -0.00382684 0.183268 
0.443107 -0.00489766 0.182601 
0.44294 -0.00530668 0.181141 
0.442713 -0.00599562 0.179876 
0.442525 -0.00651296 0.178285 
0.442487 -0.00716586 0.176521 
0.442396 -0.00752079 0.174713 
0.441939 -0.00742147 0.173137 
0.441939 -0.00742147 0.173137 
0.442152 -0.00746374 0.171708 
0.4427 -0.00742404 0.170175 
0.443427 -0.00716022 0.16859 
0.44557 -0.00724226 0.16604 
0.446192 -0.00703373 0.16523 
0.44661 -0.00648868 0.164534 
0.446895 -0.00578415 0.164168 
0.447167 -0.00519437 0.16417 
0.447699 -0.0046298 0.164402 
0.448201 -0.002444 0.164871 
0.448869 -0.00140769 0.165292 
0.449285 -0.00070083 0.166218 
0.45001 0.000178533 0.166945 
0.450771 0.00119604 0.167613 
0.452447 0.00171307 0.167838 
0.453171 0.00245271 0.168298 
0.453918 0.00288519 0.169101 
0.453021 0.00363398 0.171047 
0.453021 0.00363398 0.171047 
0.454639 0.00380517 0.172025 
0.454905 0.00445782 0.173199 
0.455383 0.0049766 0.174639 
0.455556 0.00517941 0.176061 
0.45566 0.00525661 0.177275 
0.455227 0.0059019 0.177786 
0.454975 0.00622423 0.178445 
0.453784 0.00626418 0.179836 
0.453323 0.00615409 0.180808 
0.453004 0.00607894 0.181331 
0.452504 0.00578586 0.181651 
0.452136 0.00534864 0.181639 
0.451501 0.00475451 0.181448 
0.451501 0.00475451 0.181448 
0.450615 0.00386591 0.181534 
0.449808 0.00284006 0.181319 
0.449204 0.00160451 0.180994 
0.448576 0.000575603 0.180142 
0.44728 -0.00142229 0.177535 
0.446196 -0.00252966 0.17575 
0.445005 -0.00586704 0.171982 
0.444615 -0.00758165 0.169809 
0.440998 -0.0131906 0.15913 
0.440349 -0.0144484 0.157661 
0.440208 -0.0156042 0.156036 
0.44006 -0.0166657 0.152932 
0.441723 -0.0179374 0.149488 
0.442056 -0.0173969 0.1478 
0.442326 -0.0162393 0.146171 
0.441275 -0.0137753 0.144819 
0.442942 -0.0107279 0.143776 
0.443903 -0.00907283 0.144012 
0.444343 -0.00721004 0.144437 
0.445145 -0.0060385 0.145918 
0.446382 -0.00350509 0.150039 
0.448195 -0.000687772 0.154293 
0.449482 0.000271684 0.15671 
0.450858 0.0011985 0.159165 
0.452006 0.00211459 0.162089 
0.453077 0.00317206 0.164949 
0.453843 0.0045747 0.167659 
0.454741 0.00565055 0.170574 
0.456015 0.00604251 0.173455 
0.456404 0.00685193 0.17615 
0.457173 0.00731948 0.179284 
0.457698 0.00850462 0.18533 
0.458199 0.00880912 0.188852 
0.458199 0.00880912 0.188852 
0.458336 0.00855723 0.189898 
0.458163 0.00790081 0.190731 
0.458005 0.00636419 0.191185 
0.457834 0.00527559 0.191094 
0.457498 0.00398737 0.190516 
0.456935 0.00265088 0.189565 
0.455834 0.00127036 0.188493 
0.455097 -0.00043784 0.187373 
0.453897 -0.00200485 0.186213 
0.452798 -0.00383136 0.185564 
0.452004 -0.0059137 0.18497 
0.451238 -0.0079797 0.184282 
0.450188 -0.00982959 0.18334 
0.450188 -0.00982959 0.18334 
0.449273 -0.0115933 0.18229 
0.448678 -0.0134153 0.180813 
0.447416 -0.0165119 0.177893 
0.446644 -0.0178175 0.176624 
0.446316 -0.0191495 0.175368 
0.444704 -0.0203334 0.172513 
0.443923 -0.020845 0.171614 
0.443334 -0.0209507 0.1709 
0.443186 -0.0209584 0.170578 
0.443426 -0.0208042 0.170674 
0.443839 -0.0205115 0.170711 
0.44428 -0.0204879 0.171992 
0.444736 -0.0204046 0.173913 
0.445526 -0.0206412 0.176394 
0.446083 -0.0211833 0.181436 
0.446347 -0.0215501 0.183837 
0.446935 -0.0220867 0.187219 
0.447133 -0.0227849 0.188896 
0.447301 -0.0234616 0.190408 
0.447332 -0.0243798 0.191558 
0.447345 -0.0252341 0.192224 
0.446907 -0.0256612 0.192358 
0.446607 -0.0261879 0.191776 
0.446389 -0.0259763 0.191217 
0.445823 -0.0257742 0.190953 
0.445605 -0.0250566 0.190117 
0.445746 -0.0230308 0.188287 
0.445964 -0.0216254 0.187414 
0.445964 -0.0216254 0.187414 
0.446134 -0.0204328 0.187179 
0.446734 -0.0184301 0.187062 
0.446981 -0.0164091 0.186572 
0.447554 -0.0147824 0.186814 
0.447958 -0.0130589 0.187135 
0.4482 -0.0111088 0.187662 
0.449239 -0.00935174 0.188099 
0.449986 -0.00758297 0.188802 
0.45077 -0.00574432 0.189318 
0.451715 -0.00382769 0.18957 
0.451755 -0.00150201 0.189859 
0.452283 0.000381697 0.190413 
0.452706 0.00257166 0.190154 
0.452953 0.00428192 0.190322 
0.452966 0.00607487 0.190348 
0.453556 0.00744843 0.19059 
0.453556 0.00744843 0.19059 
0.454566 0.00938535 0.191764 
0.454912 0.00987765 0.192545 
0.455587 0.0103987 0.192779 
0.454823 0.0102403 0.191891 
0.454437 0.00981102 0.190561 
0.453185 0.0095067 0.189036 
0.452381 0.00877817 0.186856 
0.451848 0.00745441 0.184738 
0.451411 0.00601126 0.182119 
0.450634 0.00418529 0.179961 
0.450379 0.00218107 0.177731 
0.449798 0.000321408 0.175842 
0.449993 -0.00223219 0.174236 
0.450233 -0.00467221 0.172485 
0.450306 -0.00722167 0.171326 
0.450712 -0.0100436 0.17071 
0.451067 -0.0129228 0.17026 
0.451304 -0.0153516 0.169303 
0.45097 -0.0176052 0.168516 
0.45059 -0.0199601 0.168288 
0.450101 -0.0215733 0.167612 
0.449474 -0.023167 0.167486 
0.448995 -0.0246332 0.167446 
0.448995 -0.0246332 0.167446 
0.448032 -0.0274397 0.168648 
0.447332 -0.0285436 0.169772 
0.447082 -0.029474 0.170382 
0.446591 -0.0305433 0.17192 
0.446322 -0.0314625 0.173222 
0.446038 -0.0318221 0.174326 
0.44624 -0.0316682 0.174854 
0.446249 -0.0312213 0.175625 
0.446596 -0.0312823 0.177413 
0.446596 -0.0312823 0.177413 
0.446596 -0.0312823 0.177413 
0.444634 -0.0342436 0.19524 
0.45144 -0.0261292 0.185607 
0.451254 -0.0213802 0.185288 
0.451254 -0.0213802 0.185288 
0.451254 -0.0213802 0.185288 
0.451041 -0.0151173 0.186015 
0.451041 -0.0151173 0.186015 
0.451506 -0.0108017 0.185422 
0.451506 -0.0108017 0.185422 
0.451506 -0.0108017 0.185422 
0.451359 -0.0053857 0.186231 
0.45179 -0.00450927 0.186312 
0.452601 -0.00366681 0.186141 
0.452648 -0.00259647 0.185764 
0.452888 -0.00175165 0.185498 
0.452888 -0.00175165 0.185498 
0.452735 -0.00084598 0.184902 
0.452467 -0.000333481 0.184667 
0.452173 0.000248671 0.184531 
0.451838 0.000840976 0.184449 
0.451734 0.00135492 0.184203 
0.451739 0.00204862 0.183666 
0.451815 0.0027274 0.18308 
0.451877 0.00303629 0.182962 
0.451842 0.00319361 0.18296 
0.450575 0.00427971 0.182366 
0.450099 0.00471046 0.182362 
0.450836 0.00418642 0.183195 
0.450247 0.0046196 0.182959 
0.450247 0.0046196 0.182959 
0.450855 0.00387994 0.184041 
0.449945 0.00396444 0.18403 
0.449241 0.00380153 0.184207 
0.448741 0.0033391 0.18411 
0.447457 0.00321756 0.184522 
0.447615 0.00188394 0.184602 
0.447006 -0.000804218 0.184266 
0.448141 -0.00365784 0.185169 
0.448252 -0.00555215 0.185021 
0.447908 -0.00725817 0.184441 
0.447738 -0.00870313 0.183122 
0.447248 -0.00973364 0.181415 
0.446456 -0.0105607 0.179888 
0.444352 -0.00989259 0.176941 
0.444789 -0.0120258 0.176572 
0.444543 -0.013191 0.175483 
0.441943 -0.0116985 0.172752 
0.442979 -0.0150526 0.171223 
0.442806 -0.0162892 0.170381 
0.442842 -0.0173514 0.169296 
0.442494 -0.0175889 0.167734 
0.442199 -0.0175934 0.166149 
0.441883 -0.0174742 0.164733 
0.441445 -0.0171159 0.163679 
0.441445 -0.0171159 0.163679 
0.441062 -0.0167417 0.162966 
0.441533 -0.0165617 0.162318 
0.442608 -0.0155692 0.161944 
0.443591 -0.0147074 0.162107 
0.443591 -0.0147074 0.162107 
0.444275 -0.0139349 0.162538 
0.445236 -0.0115643 0.164125 
0.446584 -0.0100081 0.16536 
0.447862 -0.00838794 0.166517 
0.449115 -0.00653501 0.167575 
0.450268 -0.00514439 0.169145 
0.450268 -0.00514439 0.169145 
0.451169 -0.00353111 0.170733 
0.450217 -0.000766617 0.172049 
0.452174 0.00240968 0.175327 
0.456408 0.00551133 0.180753 
0.461766 0.00552331 0.1852 
0.463035 0.00574391 0.186553 
0.464203 0.00575059 0.187231 
0.462617 0.00661687 0.186192 
0.461522 0.00671921 0.184984 
0.460195 0.00600689 0.183932 
0.460195 0.00600689 0.183932 
0.45899 0.00344023 0.181014 
0.457026 0.000839939 0.176604 
0.455712 -0.000597007 0.174216 
0.454429 -0.00218879 0.171728 
0.453373 -0.00369504 0.169121 
0.453373 -0.00369504 0.169121 
0.452387 -0.00518377 0.166786 
0.45163 -0.00693248 0.164709 
0.450854 -0.00842765 0.163037 
0.450299 -0.0100624 0.161617 
0.449284 -0.0112311 0.160333 
0.448227 -0.0120526 0.159121 
0.448227 -0.0120526 0.159121 
0.447576 -0.0128573 0.158382 
0.446554 -0.0138692 0.158324 
0.446421 -0.0141157 0.158853 
0.446856 -0.0133197 0.16372 
0.446854 -0.0126673 0.164928 
0.446854 -0.0126673 0.164928 
0.447246 -0.0123435 0.166396 
0.447378 -0.0115208 0.167848 
0.447661 -0.0104857 0.169115 
0.447967 -0.00941711 0.170537 
0.44873 -0.00781354 0.17307 
0.448842 -0.00712181 0.17394 
0.449025 -0.0066038 0.174737 
0.44888 -0.00607153 0.175205 
0.449106 -0.00578694 0.175399 
0.448892 -0.00528222 0.175527 
0.449362 -0.00536497 0.175308 
0.449147 -0.0050174 0.174871 
0.449064 -0.00484285 0.17451 
0.448976 -0.00453778 0.173858 
0.448903 -0.00438724 0.173345 
0.446525 -0.00299209 0.172083 
0.444668 -0.0016145 0.171486 
0.444668 -0.0016145 0.171486 
0.44431 -0.00117509 0.171071 
0.444285 -0.0009484 0.170639 
0.444171 -0.000725657 0.170129 
0.444025 -0.000483101 0.169808 
0.444025 -0.000483101 0.169808 
0.44413 -0.000319254 0.169571 
0.444051 -0.000142612 0.169462 
0.44406 -9.22089e-05 0.169431 
0.44406 -9.22089e-05 0.169431 
0.443987 0.000265323 0.169596 
0.443941 0.000522012 0.169797 
0.443844 0.000677758 0.17 
0.444071 0.000746957 0.170145 
0.444237 0.000864818 0.170268 
0.444342 0.000982328 0.170402 
0.444478 0.000990131 0.170723 
0.44465 0.00101654 0.170992 
0.444853 0.00102891 0.171263 
0.444888 0.00109839 0.17146 
0.445025 0.00112116 0.171552 
0.445174 0.00120073 0.171553 
0.445377 0.0012156 0.171402 
0.445361 0.00118057 0.171238 
0.445316 0.00114761 0.170902 
0.445019 0.000800392 0.170092 
0.444636 0.000658982 0.169637 
0.444256 0.000381525 0.169176 
0.444007 2.7853e-05 0.168624 
0.443831 -0.000277161 0.168111 
0.443773 -0.00065787 0.167519 
0.443526 -0.000894341 0.166573 
0.443581 -0.000872006 0.166169 
0.443616 -0.000892816 0.165856 
0.443562 -0.00092713 0.165636 
0.443638 -0.000949422 0.165434 
0.443771 -0.00108391 0.165388 
0.443771 -0.00108391 0.165388 
0.443949 -0.00119128 0.165458 
0.443951 -0.00125491 0.165536 
0.443987 -0.00130442 0.165577 
0.44403 -0.00136711 0.165723 
0.444282 -0.00151245 0.165834 
0.444566 -0.00158468 0.166007 
0.444956 -0.00150811 0.166069 
0.445089 -0.00131342 0.166201 
0.445151 -0.00128497 0.166578 
0.44545 -0.0013439 0.166904 
0.445359 -0.00121482 0.167443 
0.445383 -0.00112546 0.167826 
0.445463 -0.00112345 0.168317 
0.445463 -0.00112345 0.168317 
0.445635 -0.00130721 0.168814 
0.445714 -0.00139803 0.169322 
0.445626 -0.00134288 0.16976 
0.445811 -0.00143715 0.170273 
0.446094 -0.00170245 0.17083 
0.448889 -0.00386119 0.176694 
0.449432 -0.0048449 0.178605 
0.449765 -0.00509818 0.179016 
0.449698 -0.00526526 0.179149 
0.449551 -0.00551058 0.179096 
0.449205 -0.00602519 0.179037 
0.44879 -0.00652995 0.178529 
0.44831 -0.00672905 0.177507 
0.44831 -0.00672905 0.177507 
0.446885 -0.00648415 0.176521 
0.445459 -0.00614926 0.174966 
0.445123 -0.00641552 0.173019 
0.445303 -0.00677775 0.170278 
0.445433 -0.00737893 0.167535 
0.445531 -0.00805823 0.165166 
0.445724 -0.00864984 0.163181 
0.4462 -0.0091373 0.161469 
0.446357 -0.00933114 0.160098 
0.450167 -0.0117 0.158887 
0.451392 -0.0113594 0.15767 
0.452297 -0.0112933 0.157231 
0.453299 -0.0113145 0.15689 
0.453294 -0.0104037 0.156971 
0.454132 -0.0103001 0.157303 
0.454002 -0.00920155 0.157831 
0.454055 -0.0081906 0.158574 
0.45413 -0.0071355 0.159348 
0.449541 -0.00254433 0.162196 
0.449375 -0.00180067 0.163366 
0.449348 -0.00115427 0.164548 
0.449198 -0.000346344 0.165989 
0.449267 0.000105712 0.168052 
0.449482 0.000254815 0.169898 
0.450168 0.000717847 0.172806 
0.449998 0.000941893 0.173907 
0.450013 0.00107994 0.17454 
0.449917 0.00104511 0.174948 
0.449838 0.000761514 0.175778 
0.450288 -2.76146e-05 0.17628 
0.450355 -0.000542538 0.176556 
0.449669 -0.00105567 0.177087 
0.449408 -0.00143104 0.177252 
0.449623 -0.00234924 0.177223 
0.449278 -0.00293288 0.176811 
0.447895 -0.00306169 0.17652 
0.447895 -0.00306169 0.17652 
0.446778 -0.00316115 0.175897 
0.445653 -0.00291631 0.174591 
0.444624 -0.00308804 0.173162 
0.443671 -0.00313231 0.171042 
0.442649 -0.00308208 0.168801 
0.441909 -0.00357872 0.166886 
0.441025 -0.00369367 0.165204 
0.440399 -0.00390959 0.163745 
0.440309 -0.00437539 0.162613 
0.440627 -0.00496149 0.161539 
0.440846 -0.00572089 0.160909 
0.441029 -0.00627957 0.159969 
0.441029 -0.00627957 0.159969 
0.441248 -0.00686238 0.159257 
0.441694 -0.0081787 0.158053 
0.442186 -0.00929471 0.15777 
0.442789 -0.012012 0.157764 
0.443063 -0.0137409 0.158159 
0.44273 -0.015469 0.158924 
0.442754 -0.0172551 0.159571 
0.442474 -0.0189935 0.160413 
0.44204 -0.0204603 0.161153 
0.441488 -0.0217782 0.162074 
0.441239 -0.0231975 0.162967 
0.441055 -0.0239189 0.163466 
0.440888 -0.0240871 0.163788 
0.441133 -0.0241665 0.164091 
0.44146 -0.0241526 0.164345 
0.442132 -0.0241324 0.164925 
0.443033 -0.023351 0.165444 
0.443678 -0.0221339 0.165887 
0.444213 -0.0207727 0.16652 
0.445104 -0.0196668 0.167394 
0.445883 -0.0182249 0.167869 
0.446531 -0.0164729 0.168219 
0.447264 -0.0147613 0.168562 
0.449086 -0.0117967 0.169512 
0.452995 -0.0123556 0.170424 
0.451482 -0.00970375 0.17061 
0.451631 -0.00806816 0.170951 
0.451546 -0.00625394 0.171254 
0.45165 -0.00442771 0.171269 
0.451858 -0.00285491 0.171355 
0.452161 -0.00179432 0.17187 
0.452551 -0.000785036 0.172172 
0.452908 2.81496e-05 0.172531 
0.453409 0.000568714 0.172723 
0.453772 0.000975078 0.172673 
0.453863 0.00118324 0.172663 
0.453827 0.00119582 0.172913 
0.453744 0.00106276 0.173001 
0.453183 0.000583507 0.17328 
0.452802 0.00028557 0.173208 
0.452237 -0.000565703 0.173744 
0.451669 -0.00128634 0.174097 
0.451498 -0.00217093 0.174312 
0.451475 -0.00280346 0.174431 
0.451257 -0.00353606 0.174647 
0.451384 -0.00449209 0.174643 
0.451306 -0.00532073 0.174622 
0.451242 -0.0061549 0.174555 
0.450829 -0.00696836 0.174579 
0.450478 -0.00774352 0.174292 
0.450147 -0.00981199 0.174003 
0.449712 -0.0107339 0.173576 
0.44917 -0.012053 0.17316 
0.448497 -0.0133164 0.172936 
0.448497 -0.0133164 0.172936 
0.447661 -0.0145275 0.172398 
0.446988 -0.015832 0.171663 
0.446024 -0.0172901 0.171288 
0.445214 -0.0192492 0.171075 
0.444162 -0.0205083 0.170346 
0.443227 -0.0217821 0.169397 
0.442067 -0.0226742 0.168284 
0.441265 -0.0235715 0.167107 
0.440757 -0.0245268 0.166174 
0.440291 -0.0252559 0.165463 
0.440211 -0.0254435 0.16453 
0.440203 -0.0253227 0.163927 
0.440457 -0.0254895 0.163748 
0.440707 -0.0255605 0.163637 
0.441232 -0.0255677 0.163565 
0.44168 -0.0254811 0.163651 
0.442241 -0.0250912 0.163712 
0.443341 -0.0244062 0.16428 
0.443663 -0.0238979 0.164797 
0.444048 -0.0235116 0.165225 
0.44433 -0.0230771 0.165624 
0.444566 -0.0225233 0.165819 
0.444702 -0.0221582 0.166367 
0.44511 -0.0214701 0.167008 
0.445034 -0.0209168 0.167201 
0.444934 -0.0205583 0.167548 
0.444929 -0.0203383 0.167917 
0.44491 -0.0199801 0.16827 
0.444698 -0.0197854 0.168391 
0.44471 -0.0198007 0.168579 
0.444905 -0.0199618 0.168951 
0.444905 -0.0199618 0.168951 
0.444905 -0.0199618 0.168951 
0.444905 -0.0199618 0.168951 
0.444406 -0.0198116 0.169417 
0.444625 -0.0198813 0.169476 
0.444557 -0.0199108 0.169675 
0.444436 -0.019786 0.16964 
0.444217 -0.0196627 0.169589 
0.444116 -0.0196168 0.169564 
0.444056 -0.0195371 0.169536 
0.444002 -0.0194323 0.169587 
0.44389 -0.0191449 0.169584 
0.443843 -0.0188014 0.169502 
0.443805 -0.0184058 0.169279 
0.443805 -0.0184058 0.169279 
0.443824 -0.0180885 0.169179 
0.443778 -0.0178486 0.169281 
0.443658 -0.0175857 0.169344 
0.443596 -0.0173556 0.169339 
0.443464 -0.0171634 0.169314 
0.443545 -0.0169142 0.169096 
0.443624 -0.0167608 0.168891 
0.443317 -0.0164047 0.168725 
0.443247 -0.0163153 0.168659 
0.4432 -0.0162333 0.168643 
0.443264 -0.0162141 0.168699 
0.443433 -0.0161435 0.168714 
0.443435 -0.016059 0.168686 
0.443398 -0.0160244 0.16873 
0.443475 -0.0160378 0.168753 
0.443661 -0.0160889 0.168814 
0.44376 -0.0160744 0.16888 
0.443676 -0.0160561 0.168991 
0.443658 -0.016042 0.169073 
0.443795 -0.0160439 0.169169 
0.443984 -0.0159862 0.169251 
0.444036 -0.0157955 0.169298 
0.444121 -0.015743 0.169448 
0.444121 -0.015743 0.169448 
0.444276 -0.0157784 0.169641 
0.444433 -0.0157574 0.169724 
0.444594 -0.0157625 0.169844 
0.444655 -0.0157088 0.169936 
0.444811 -0.0157307 0.170066 
0.445045 -0.0158327 0.170505 
0.445087 -0.0157926 0.170615 
0.445031 -0.0157322 0.17062 
0.445108 -0.0157223 0.17067 
0.445108 -0.0157223 0.17067 
0.445113 -0.015655 0.170746 
0.445157 -0.0156746 0.170869 
0.445197 -0.0156542 0.170893 
0.445273 -0.0156754 0.170997 
0.445273 -0.0156754 0.170997 
0.445265 -0.0156943 0.171118 
0.444943 -0.0155319 0.171202 
0.44467 -0.015489 0.1714 
0.444457 -0.0155651 0.171562 
0.44431 -0.0156133 0.171544 
0.444221 -0.0156655 0.171446 
0.444327 -0.0158077 0.171316 
0.444319 -0.0158424 0.171283 
0.44416 -0.0159451 0.171316 
0.444218 -0.0160146 0.171365 
0.444118 -0.0162129 0.17142 
0.444072 -0.0161985 0.171374 
0.443994 -0.0162502 0.171364 
0.444123 -0.0163462 0.171362 
0.444143 -0.0163818 0.171279 
0.44416 -0.0163392 0.17111 
0.44416 -0.0163392 0.17111 
0.444074 -0.0163135 0.171064 
0.44418 -0.016377 0.170975 
0.44433 -0.0164079 0.170754 
0.444432 -0.016489 0.170673 
0.444427 -0.0165449 0.170618 
0.44436 -0.0165308 0.170582 
0.44427 -0.0164293 0.170418 
0.44413 -0.016256 0.170176 
0.443926 -0.0160272 0.169877 
0.443761 -0.0157986 0.169557 
0.443525 -0.0154397 0.169115 
0.443525 -0.0154397 0.169115 
0.443525 -0.0154397 0.169115 
0.443525 -0.0154397 0.169115 
0.443686 -0.0151807 0.167408 
0.443541 -0.0148398 0.166491 
0.443848 -0.0148589 0.165673 
0.443848 -0.0148589 0.165673 
0.444363 -0.0147676 0.164316 
0.444722 -0.0149556 0.164155 
0.444895 -0.0149517 0.164436 
0.444953 -0.0150064 0.164893 
0.445471 -0.0153233 0.165469 
0.44605 -0.0157949 0.166234 
0.446375 -0.0162109 0.167383 
0.446598 -0.0163734 0.168532 
0.446778 -0.0166296 0.169776 
0.446777 -0.016641 0.171008 
0.446886 -0.0166478 0.172339 
0.447076 -0.0168062 0.173836 
0.447131 -0.0171581 0.176398 
0.447106 -0.0175834 0.177475 
0.447301 -0.0181968 0.178691 
0.447668 -0.0188491 0.179422 
0.447756 -0.0194174 0.180183 
0.44727 -0.0200108 0.180852 
0.447001 -0.020313 0.181237 
0.447001 -0.020313 0.181237 
0.44662 -0.0209921 0.181289 
0.446347 -0.021125 0.181198 
0.445858 -0.0211658 0.18092 
0.445423 -0.021085 0.179707 
0.445423 -0.021085 0.179707 
0.445142 -0.0208274 0.178982 
0.444527 -0.0204222 0.178105 
0.444372 -0.0201944 0.176943 
0.444312 -0.0201703 0.175939 
0.44459 -0.0201777 0.174975 
0.444695 -0.0201361 0.174154 
0.444695 -0.0201361 0.174154 
0.444732 -0.0199819 0.17338 
0.444696 -0.0199627 0.172975 
0.444669 -0.0205913 0.172645 
0.445439 -0.0210796 0.171064 
0.464124 -0.0223715 0.176125 
0.474403 -0.0179698 0.174924 
0.484459 -0.0148254 0.176868 
0.489265 -0.0119952 0.17866 
0.492493 -0.00750678 0.180123 
0.493503 -0.00589844 0.17997 
0.49688 -0.00354211 0.18219 
0.498798 -0.00284664 0.183442 
0.501389 -0.00183107 0.184226 
0.501389 -0.00183107 0.184226 
0.501922 -0.00219976 0.184351 
0.502372 -0.00230606 0.184511 
0.501914 -0.00167227 0.184077 
0.502037 -0.00115217 0.183964 
0.502033 -0.000826403 0.183694 
0.502682 -0.00071909 0.183776 
0.502903 -0.000469101 0.183542 
0.5032 0.000317246 0.182917 
0.503866 0.00095714 0.182224 
0.505491 0.00278319 0.181598 
0.505491 0.00278319 0.181598 
0.506154 0.00368975 0.18154 
0.50659 0.0044472 0.18128 
0.506826 0.00491315 0.18095 
0.506783 0.00592822 0.180603 
0.507013 0.00645336 0.180437 
0.50708 0.00828879 0.180204 
0.50708 0.00828879 0.180204 
0.507698 0.00861375 0.18057 
0.508218 0.0100353 0.180162 
0.509651 0.0119437 0.179345 
0.509719 0.0120861 0.179022 
0.50996 0.0126242 0.178891 
0.510217 0.0129573 0.178671 
0.510685 0.0129842 0.178709 
0.511054 0.0134253 0.178634 
0.511368 0.0138548 0.178555 
0.512081 0.0139935 0.178968 
0.512295 0.0143153 0.179085 
0.512263 0.0147626 0.17892 
0.512688 0.0151504 0.178924 
0.512688 0.0151504 0.178924 
0.512854 0.0153127 0.178944 
0.512631 0.0154968 0.178778 
0.512467 0.0159143 0.178548 
0.512467 0.0159143 0.178548 
0.512681 0.0160185 0.178619 
0.512745 0.0167612 0.178644 
0.512735 0.0170326 0.17867 
0.512793 0.01746 0.178675 
0.512943 0.0177885 0.178765 
0.51323 0.0183876 0.178944 
0.513275 0.0186066 0.178873 
0.513324 0.0189176 0.178722 
0.513462 0.0191519 0.178565 
0.513597 0.0196652 0.178303 
0.513655 0.0199695 0.178094 
0.513626 0.0203038 0.177938 
0.513832 0.0208586 0.1777 
0.513985 0.0210698 0.177655 
0.514344 0.0216203 0.177297 
0.514244 0.0222505 0.176804 
0.514244 0.0222505 0.176804 
0.514441 0.0228448 0.176713 
0.514772 0.0232956 0.176762 
0.514939 0.0235667 0.176915 
0.515147 0.023849 0.177175 
0.515652 0.0245657 0.178139 
0.516496 0.0245188 0.179395 
0.51732 0.0243821 0.181193 
0.517995 0.0243543 0.183483 
0.517983 0.0246882 0.185857 
0.518422 0.0246913 0.18856 
0.518421 0.0246192 0.191161 
0.518699 0.0243222 0.193457 
0.519062 0.0243528 0.195571 
0.519062 0.0243528 0.195571 
0.519062 0.0243528 0.195571 
0.519655 0.0222822 0.198966 
0.519592 0.0213085 0.19996 
0.519592 0.0213085 0.19996 
0.518563 0.0188332 0.199019 
0.517818 0.015907 0.196133 
0.517082 0.0146715 0.193927 
0.516944 0.0141407 0.191718 
0.516761 0.015634 0.175621 
0.516546 0.0159534 0.172562 
0.516467 0.0163724 0.169699 
0.516456 0.0168523 0.167092 
0.516675 0.0177773 0.164972 
0.517958 0.0212913 0.161546 
0.518007 0.0232134 0.16015 
0.518359 0.0257969 0.159403 
0.519029 0.0285842 0.159234 
0.519856 0.0313337 0.159428 
0.521896 0.0375301 0.161463 
0.523039 0.0404018 0.16291 
0.524236 0.0432173 0.164826 
0.52575 0.045692 0.167201 
0.527144 0.0473262 0.169746 
0.527987 0.0482984 0.171843 
0.528984 0.0485278 0.174246 
0.529519 0.0491503 0.177191 
0.530055 0.048466 0.18165 
0.530055 0.048466 0.18165 
0.53037 0.0471044 0.18376 
0.530098 0.0451358 0.185164 
0.52893 0.0425499 0.185903 
0.528072 0.0402398 0.186708 
0.527467 0.0376683 0.187179 
0.526161 0.0324197 0.18719 
0.524908 0.0297533 0.186547 
0.523485 0.0248681 0.185645 
0.522642 0.0228027 0.1847 
0.522463 0.0213231 0.184055 
0.522085 0.0195718 0.183411 
0.521717 0.0179181 0.18248 
0.521465 0.0165 0.181531 
0.521369 0.0153449 0.180257 
0.521378 0.0147571 0.178997 
0.521062 0.0141107 0.177518 
0.519851 0.013921 0.174171 
0.519538 0.0133716 0.169695 
0.51944 0.0133821 0.168026 
0.519427 0.0136289 0.166803 
0.519786 0.0144843 0.165574 
0.519948 0.0157805 0.164447 
0.520992 0.0176513 0.164036 
0.52165 0.0197335 0.163868 
0.522409 0.0218763 0.164122 
0.523234 0.0241444 0.164847 
0.524185 0.0263115 0.16605 
0.524803 0.0284782 0.167142 
0.525636 0.0307287 0.168518 
0.526364 0.0325146 0.170072 
0.526696 0.0342089 0.17162 
0.52714 0.0356446 0.173321 
0.527498 0.0364587 0.174788 
0.527939 0.0369385 0.176191 
0.528429 0.0368231 0.177489 
0.528429 0.0368231 0.177489 
0.528634 0.037011 0.178997 
0.529049 0.0370032 0.180525 
0.528629 0.0352188 0.18157 
0.527826 0.033843 0.18104 
0.527221 0.0324702 0.180311 
0.526709 0.0309009 0.17959 
0.526237 0.0292906 0.178645 
0.525387 0.0278129 0.177452 
0.524875 0.0263021 0.176476 
0.524125 0.0249138 0.175065 
0.523718 0.0222667 0.174067 
0.523107 0.0212073 0.172785 
0.52266 0.0203395 0.171817 
0.52247 0.0199235 0.170904 
0.522858 0.020024 0.17029 
0.523459 0.0207617 0.16981 
0.523965 0.0217272 0.169834 
0.524259 0.0226699 0.169865 
0.524342 0.0237315 0.169895 
0.524371 0.0251587 0.169869 
0.524495 0.0268164 0.170018 
0.524716 0.0284157 0.170314 
0.525246 0.0301412 0.170946 
0.525341 0.0319255 0.17135 
0.525532 0.0336505 0.171747 
0.525689 0.0352842 0.17208 
0.52602 0.0369251 0.172648 
0.526494 0.0379586 0.17314 
0.526754 0.0392028 0.173533 
0.527064 0.0411842 0.173932 
0.527047 0.0416184 0.174004 
0.527082 0.0419411 0.174058 
