0.5 0 0.2 
0.500304 -0.00131015 0.200344 
0.500304 -0.00131015 0.200344 
0.500359 -0.00174078 0.200577 
0.50052 -0.00207936 0.201088 
0.50052 -0.00207936 0.201088 
0.50065 -0.0023333 0.201486 
0.500759 -0.00250855 0.2018 
0.50108 -0.00288211 0.202589 
0.50108 -0.00288211 0.202589 
0.501182 -0.00306036 0.20282 
0.501161 -0.00410401 0.202316 
0.501159 -0.00451947 0.201806 
0.501121 -0.0049564 0.20111 
0.501071 -0.0053739 0.200411 
0.5011 -0.00565715 0.1997 
0.501245 -0.00587103 0.198927 
0.501405 -0.00603991 0.198004 
0.501542 -0.00613029 0.196994 
0.501801 -0.00621883 0.196321 
0.502057 -0.0061571 0.194776 
0.502283 -0.00600485 0.193471 
0.502301 -0.00595038 0.192926 
0.502329 -0.00582778 0.191952 
0.502346 -0.00572115 0.191596 
0.502392 -0.00552243 0.191264 
0.502438 -0.00528317 0.190995 
0.502505 -0.00496008 0.190691 
0.502758 -0.00436458 0.190703 
0.502758 -0.00436458 0.190703 
0.503061 -0.00357596 0.190945 
0.504268 -0.000497389 0.191638 
0.504755 0.000819038 0.191933 
0.505421 0.00241635 0.192452 
0.506022 0.00380327 0.192756 
0.506623 0.00506549 0.192878 
0.507108 0.00639548 0.193146 
0.507686 0.00758896 0.193469 
0.508122 0.00864422 0.193742 
0.50846 0.00963072 0.194045 
0.5089 0.0113371 0.194518 
0.509039 0.0120128 0.194587 
0.50923 0.0124641 0.194632 
0.509338 0.0128706 0.194601 
0.509464 0.0131825 0.194727 
0.509452 0.013316 0.194257 
0.509452 0.013316 0.194257 
0.509568 0.0133516 0.194162 
0.509546 0.0131882 0.19373 
0.509523 0.012847 0.193388 
0.509247 0.012035 0.192699 
0.50876 0.0106467 0.191534 
0.508197 0.00885377 0.190039 
0.507432 0.00684242 0.188355 
0.50654 0.00461515 0.186725 
0.50553 0.00232412 0.185045 
0.504432 8.55083e-05 0.183572 
0.504432 8.55083e-05 0.183572 
0.503649 -0.00199675 0.182421 
0.503049 -0.00387276 0.181529 
0.502688 -0.00530383 0.181025 
0.502472 -0.00638742 0.180729 
0.502479 -0.00695793 0.180731 
0.50259 -0.00717289 0.180753 
0.502654 -0.00714948 0.180852 
0.502937 -0.00690328 0.18119 
0.503889 -0.00390235 0.18358 
0.504184 -0.0025678 0.184554 
0.504507 -0.00126227 0.185408 
0.504992 0.000112421 0.186581 
0.505729 0.003194 0.18912 
0.506075 0.0046108 0.190364 
0.506075 0.0046108 0.190364 
0.506434 0.00601869 0.191687 
0.507312 0.00836912 0.194206 
0.508099 0.0101524 0.196282 
0.508099 0.0101524 0.196282 
0.508647 0.0110775 0.197307 
0.508837 0.0115398 0.197848 
0.509156 0.0121967 0.198439 
0.509207 0.0123811 0.198513 
0.509191 0.0125058 0.198324 
0.509126 0.0124778 0.197745 
0.509024 0.0124214 0.196906 
0.5088 0.0121959 0.195641 
0.508208 0.0118678 0.193227 
0.507975 0.0115503 0.191692 
0.507764 0.0112262 0.190225 
0.507568 0.0109002 0.188891 
0.507362 0.0106211 0.187592 
0.507362 0.0106211 0.187592 
0.507279 0.0103569 0.186217 
0.507308 0.0101453 0.18513 
0.507386 0.00999394 0.184386 
0.507424 0.00988393 0.183592 
0.507472 0.00980618 0.182837 
0.507552 0.00985557 0.18223 
0.507642 0.00989806 0.181618 
0.507776 0.0097114 0.180709 
0.507769 0.00959304 0.180353 
0.507671 0.00952183 0.179733 
0.507331 0.00991471 0.179082 
0.506994 0.0124682 0.177931 
0.509233 0.0188943 0.177879 
0.513059 0.0294724 0.178979 
0.515052 0.0399152 0.183214 
0.511135 0.040756 0.193448 
0.493294 0.0314023 0.221358 
0.485073 0.0282739 0.233314 
0.481594 0.0267908 0.242222 
0.480702 0.0268485 0.245383 
0.479268 0.0269181 0.243797 
0.478818 0.0272784 0.240174 
0.478818 0.0272784 0.240174 
0.478818 0.0272784 0.240174 
0.47845 0.0291826 0.230848 
0.478325 0.0306048 0.226898 
0.47851 0.0317565 0.223422 
0.479055 0.0333111 0.219286 
0.479411 0.0348154 0.214931 
0.479577 0.0363495 0.210666 
0.479936 0.0376994 0.207232 
0.479706 0.0388596 0.204229 
0.479177 0.0394976 0.2017 
0.478674 0.0399977 0.199414 
0.478494 0.0401154 0.197381 
0.47804 0.0400761 0.195524 
0.477451 0.0400921 0.193994 
0.476786 0.0399707 0.192657 
0.476876 0.0397462 0.191643 
0.476876 0.0397462 0.191643 
0.477013 0.0397261 0.191127 
0.476906 0.0398215 0.190934 
0.476906 0.0398215 0.190934 
0.477497 0.0398218 0.191772 
0.477936 0.0399567 0.191963 
0.478194 0.0394025 0.19293 
0.47834 0.0389557 0.193248 
0.478462 0.0386442 0.193704 
0.478507 0.0383408 0.194202 
0.478652 0.0377793 0.194742 
0.478804 0.0371659 0.195491 
0.479007 0.0366184 0.195994 
0.478937 0.0354958 0.197739 
0.479194 0.0340388 0.199403 
0.47932 0.0334228 0.199971 
0.47946 0.0327419 0.200503 
0.479613 0.0319388 0.201217 
0.479974 0.0303533 0.202669 
0.480318 0.0295287 0.203169 
0.480577 0.0285639 0.203508 
0.480577 0.0285639 0.203508 
0.480708 0.0274115 0.203706 
0.480691 0.026236 0.203815 
0.480747 0.0239295 0.203227 
0.480863 0.0226752 0.202516 
0.48105 0.0214801 0.201786 
0.481189 0.0204986 0.200855 
0.481344 0.0195747 0.199659 
0.481641 0.0185844 0.198358 
0.481896 0.0176049 0.196836 
0.482109 0.0167811 0.195468 
0.482444 0.0161975 0.194284 
0.482444 0.0161975 0.194284 
0.483076 0.0157579 0.193158 
0.483786 0.0155766 0.19187 
0.484436 0.0156004 0.190747 
0.485634 0.0159969 0.188449 
0.486245 0.0163828 0.187567 
0.486729 0.0170048 0.186833 
0.487104 0.0177672 0.186416 
0.48751 0.0185356 0.186197 
0.488074 0.0193705 0.186169 
0.489044 0.0214317 0.186572 
0.489497 0.0224622 0.187169 
0.489948 0.0233656 0.187879 
0.490443 0.0243119 0.188695 
0.490863 0.0252813 0.189648 
0.491182 0.0262053 0.190272 
0.491288 0.0270688 0.190983 
0.491557 0.0276831 0.191868 
0.491617 0.0282897 0.193446 
0.491617 0.0282897 0.193446 
0.491674 0.0288818 0.194843 
0.491475 0.0294471 0.196341 
0.491415 0.0299044 0.198074 
0.491379 0.0301627 0.199435 
0.491107 0.0304357 0.200474 
0.490772 0.0306 0.201286 
0.490399 0.030683 0.202039 
0.490109 0.0306878 0.202968 
0.489922 0.0306036 0.203709 
0.489757 0.030499 0.20411 
0.48952 0.0301165 0.204296 
0.489256 0.0295345 0.204292 
0.488846 0.0288931 0.203971 
0.488846 0.0288931 0.203971 
0.488425 0.0281961 0.203547 
0.488101 0.0273885 0.202779 
0.487911 0.0264382 0.201873 
0.487735 0.0253578 0.200807 
0.487267 0.0230499 0.198064 
0.487222 0.0215696 0.196066 
0.487439 0.0179409 0.191806 
0.48759 0.0160425 0.189622 
0.488364 0.00791066 0.179348 
0.488644 0.00658634 0.177415 
0.489101 0.00544188 0.175478 
0.490143 0.00409008 0.172145 
0.491362 0.00381543 0.168258 
0.491831 0.00429764 0.16668 
0.492313 0.00517571 0.165324 
0.492517 0.00651484 0.164376 
0.494119 0.00975204 0.163518 
0.494697 0.0116701 0.16389 
0.494815 0.0136321 0.164591 
0.495094 0.0156071 0.165703 
0.495947 0.0193616 0.16886 
0.496602 0.0228914 0.173272 
0.496978 0.0245139 0.175614 
0.497502 0.0260658 0.177967 
0.498147 0.0276057 0.180515 
0.498549 0.0291403 0.183281 
0.498848 0.0307058 0.186118 
0.499091 0.0322439 0.188908 
0.499357 0.0336004 0.191285 
0.499616 0.0347548 0.193602 
0.499935 0.0357602 0.196353 
0.500203 0.0374413 0.201886 
0.500317 0.0378712 0.205482 
0.500317 0.0378712 0.205482 
0.500334 0.0375507 0.206659 
0.500182 0.036899 0.207441 
0.499887 0.0353733 0.207901 
0.499816 0.0343031 0.207697 
0.499645 0.0328987 0.20715 
0.499336 0.0313224 0.206345 
0.498877 0.0296 0.205301 
0.498477 0.0277545 0.204154 
0.498031 0.0257995 0.202983 
0.497718 0.0237585 0.202083 
0.497424 0.0217267 0.201116 
0.497064 0.019765 0.200088 
0.496813 0.0178193 0.198924 
0.496813 0.0178193 0.198924 
0.496446 0.0158919 0.197834 
0.496134 0.0139706 0.196456 
0.495749 0.0106256 0.193546 
0.495756 0.00910584 0.192055 
0.495828 0.00775488 0.190637 
0.495607 0.00553418 0.188286 
0.495434 0.00477064 0.187257 
0.495394 0.00422333 0.186685 
0.495691 0.00359637 0.186898 
0.495876 0.003441 0.18752 
0.496067 0.00335332 0.188293 
0.496341 0.00338524 0.18978 
0.496614 0.00351698 0.191862 
0.49678 0.00371823 0.19442 
0.496991 0.00389877 0.198972 
0.497126 0.00388129 0.201116 
0.4972 0.00362718 0.204659 
0.497115 0.00329686 0.206127 
0.496984 0.0029173 0.207521 
0.496826 0.00238906 0.208333 
0.496568 0.00188877 0.208772 
0.496314 0.00152461 0.208665 
0.496088 0.00105513 0.207946 
0.496001 0.00102751 0.207586 
0.495895 0.00121388 0.206943 
0.495984 0.00175655 0.206067 
0.496556 0.00334462 0.204422 
0.496923 0.00443697 0.203815 
0.496923 0.00443697 0.203815 
0.4973 0.00560201 0.203426 
0.497871 0.00792061 0.202927 
0.498097 0.00957498 0.202936 
0.498338 0.0114012 0.203223 
0.498464 0.0133686 0.203479 
0.49863 0.0154817 0.203857 
0.498903 0.0177303 0.204319 
0.499178 0.0200476 0.204707 
0.499445 0.0224325 0.204938 
0.499661 0.0248774 0.205097 
0.499792 0.0273603 0.205097 
0.499927 0.0297369 0.205328 
0.499976 0.0319798 0.205374 
0.499931 0.0339909 0.205437 
0.499934 0.0358498 0.20548 
0.500036 0.0375646 0.205768 
0.500036 0.0375646 0.205768 
0.500283 0.0404274 0.206509 
0.500537 0.0413575 0.20682 
0.500921 0.0423986 0.206628 
0.50097 0.0421845 0.205214 
0.500826 0.0415581 0.203981 
0.500313 0.0407001 0.202571 
0.499797 0.0394475 0.200728 
0.499464 0.0378088 0.198677 
0.499312 0.0357488 0.196463 
0.499209 0.0334438 0.194191 
0.499222 0.0310786 0.192121 
0.499261 0.0286649 0.190363 
0.499551 0.026026 0.188683 
0.499834 0.0233725 0.187109 
0.500139 0.0207241 0.185867 
0.500814 0.018075 0.184848 
0.501486 0.0154214 0.183931 
0.502029 0.0127954 0.183153 
0.502468 0.0102058 0.182329 
0.502786 0.00773673 0.181831 
0.503055 0.00548151 0.181534 
0.503356 0.00331627 0.18159 
0.503601 0.00130507 0.182012 
0.503601 0.00130507 0.182012 
0.503761 -0.00227803 0.183797 
0.503647 -0.0037218 0.184948 
0.503435 -0.00497082 0.186076 
0.503226 -0.00611887 0.187545 
0.502926 -0.00702952 0.188935 
0.502801 -0.00761136 0.190195 
0.502701 -0.00778312 0.191441 
0.502561 -0.00763846 0.192722 
0.502489 -0.00728163 0.194388 
0.502489 -0.00728163 0.194388 
0.502489 -0.00728163 0.194388 
0.496893 -0.00254623 0.19902 
0.500129 -0.00148872 0.201312 
0.500497 0.00158627 0.202593 
0.500497 0.00158627 0.202593 
0.500497 0.00158627 0.202593 
0.500031 0.00741149 0.204125 
0.500031 0.00741149 0.204125 
0.500358 0.0124164 0.204479 
0.500358 0.0124164 0.204479 
0.500358 0.0124164 0.204479 
0.499573 0.0185985 0.205092 
0.49933 0.0201927 0.204815 
0.499334 0.0215769 0.204615 
0.499245 0.02272 0.204268 
0.499143 0.0237386 0.20407 
0.499143 0.0237386 0.20407 
0.498936 0.0246175 0.203582 
0.498727 0.0253241 0.203083 
0.498603 0.0259244 0.202801 
0.49849 0.0264137 0.202692 
0.498409 0.0268669 0.20251 
0.498259 0.0273696 0.202342 
0.498156 0.0278219 0.202194 
0.498122 0.0281415 0.202144 
0.498082 0.0282764 0.202177 
0.497803 0.0282971 0.201989 
0.497604 0.0283021 0.202064 
0.497585 0.0283397 0.202755 
0.497311 0.0281769 0.202817 
0.497311 0.0281769 0.202817 
0.49727 0.0279634 0.203696 
0.496914 0.0274381 0.203865 
0.496518 0.0268579 0.204146 
0.496092 0.0260764 0.204218 
0.495577 0.0252635 0.204635 
0.495233 0.0242024 0.204726 
0.494618 0.0215716 0.204204 
0.49456 0.0200856 0.204063 
0.494343 0.0185605 0.203646 
0.494144 0.0169894 0.202836 
0.494033 0.0154389 0.201709 
0.493964 0.0139471 0.20036 
0.493907 0.0125388 0.199068 
0.493547 0.0111144 0.197358 
0.493711 0.00972926 0.19651 
0.493787 0.00845856 0.195366 
0.49348 0.00737433 0.193766 
0.4941 0.00504725 0.191591 
0.494352 0.00401407 0.19027 
0.494542 0.00310615 0.188993 
0.494682 0.0023738 0.187636 
0.4948 0.00189237 0.186306 
0.49485 0.0015407 0.185192 
0.494999 0.00137643 0.184316 
0.494999 0.00137643 0.184316 
0.495256 0.00139867 0.183542 
0.49562 0.00172099 0.182977 
0.496246 0.00305459 0.182683 
0.49669 0.00418281 0.183054 
0.49669 0.00418281 0.183054 
0.49732 0.00522039 0.183361 
0.497947 0.00788235 0.184971 
0.498424 0.0100024 0.186427 
0.498769 0.0121007 0.187904 
0.499056 0.0141975 0.189497 
0.49932 0.0162161 0.191088 
0.49932 0.0162161 0.191088 
0.499566 0.0182813 0.192658 
0.49931 0.0202003 0.193961 
0.499538 0.0236314 0.197167 
0.501017 0.0279319 0.202097 
0.501969 0.0304443 0.205416 
0.502085 0.0310898 0.206337 
0.501831 0.0313442 0.206569 
0.501343 0.030907 0.206016 
0.500719 0.0301197 0.205172 
0.500045 0.0289836 0.203975 
0.500045 0.0289836 0.203975 
0.498852 0.0262622 0.200905 
0.497351 0.0231761 0.196573 
0.496715 0.021308 0.194159 
0.496191 0.0192828 0.191615 
0.495863 0.0172453 0.189118 
0.495863 0.0172453 0.189118 
0.495627 0.0152752 0.186863 
0.495466 0.0133256 0.184721 
0.495628 0.011402 0.183079 
0.495728 0.00957572 0.181815 
0.495796 0.00801493 0.180676 
0.495807 0.00666946 0.179812 
0.495807 0.00666946 0.179812 
0.49596 0.00558818 0.179346 
0.496235 0.00415668 0.179761 
0.496388 0.00387094 0.180451 
0.496881 0.00502769 0.185493 
0.496863 0.00576855 0.186911 
0.496863 0.00576855 0.186911 
0.496915 0.00656373 0.188414 
0.496906 0.00751895 0.190023 
0.496938 0.00857662 0.191601 
0.496939 0.00977444 0.193245 
0.496986 0.0120265 0.195791 
0.49698 0.0129925 0.196486 
0.496927 0.0139626 0.196986 
0.496725 0.0148186 0.197136 
0.496574 0.0155927 0.197072 
0.496447 0.0162099 0.196994 
0.496391 0.0166324 0.196602 
0.496204 0.0170934 0.196017 
0.496126 0.0174665 0.195422 
0.496071 0.0177951 0.194712 
0.496079 0.0179375 0.194142 
0.495585 0.0182792 0.192527 
0.495318 0.0184048 0.19187 
0.495318 0.0184048 0.19187 
0.495263 0.0184479 0.191457 
0.49518 0.018458 0.191128 
0.495043 0.018519 0.190642 
0.494896 0.0186408 0.190285 
0.494896 0.0186408 0.190285 
0.494864 0.0187528 0.19001 
0.494848 0.0189217 0.189722 
0.494851 0.0189135 0.189635 
0.494851 0.0189135 0.189635 
0.494754 0.019253 0.189612 
0.494692 0.0194699 0.189747 
0.494655 0.0195625 0.189865 
0.494706 0.0196723 0.190037 
0.494708 0.0198098 0.190219 
0.494704 0.019914 0.190404 
0.49473 0.0200108 0.190657 
0.494759 0.0200726 0.190926 
0.49476 0.0201303 0.19124 
0.494743 0.0201388 0.191481 
0.494733 0.0201218 0.191674 
0.494772 0.0201117 0.191766 
0.494888 0.0200707 0.191672 
0.494894 0.0199825 0.191527 
0.494891 0.0198156 0.19128 
0.494826 0.0192175 0.190498 
0.494697 0.0188482 0.19003 
0.49458 0.0183475 0.189539 
0.49444 0.0178565 0.188988 
0.494324 0.0174392 0.188515 
0.494239 0.0169743 0.187995 
0.494192 0.0164589 0.187096 
0.494213 0.0163614 0.186796 
0.494256 0.016285 0.186508 
0.494287 0.0162345 0.186215 
0.494348 0.0161958 0.186008 
0.494429 0.0161605 0.185874 
0.494429 0.0161605 0.185874 
0.494548 0.0161243 0.185888 
0.494636 0.0160813 0.185863 
0.494702 0.0160592 0.185849 
0.494782 0.0160197 0.185927 
0.494936 0.0159434 0.186038 
0.495116 0.0159019 0.18624 
0.495307 0.015867 0.186529 
0.49545 0.0158561 0.186815 
0.49558 0.0157681 0.187208 
0.495713 0.0156429 0.187665 
0.495748 0.015627 0.188197 
0.495834 0.0155504 0.188646 
0.495865 0.015536 0.189144 
0.495865 0.015536 0.189144 
0.495892 0.0154017 0.189662 
0.495954 0.0152645 0.190195 
0.495956 0.0152399 0.190621 
0.496041 0.0151988 0.191139 
0.49622 0.0150912 0.191608 
0.496955 0.0148134 0.196963 
0.49716 0.0144712 0.198404 
0.497314 0.0142939 0.198854 
0.497238 0.0141462 0.198963 
0.497144 0.0138497 0.198919 
0.49699 0.0134262 0.198607 
0.496825 0.0129359 0.197879 
0.496629 0.0124793 0.196907 
0.496629 0.0124793 0.196907 
0.496316 0.0119543 0.195837 
0.496026 0.0113717 0.194283 
0.49596 0.010757 0.192445 
0.49604 0.0101145 0.19006 
0.496208 0.00949864 0.187285 
0.496466 0.00895524 0.18463 
0.496933 0.00851707 0.182244 
0.497472 0.00829811 0.180193 
0.49797 0.00827455 0.178376 
0.49995 0.00929114 0.17545 
0.500607 0.00995302 0.174654 
0.50113 0.0106616 0.17411 
0.501506 0.0114327 0.173712 
0.5018 0.0123495 0.173825 
0.502148 0.0132064 0.173971 
0.502386 0.0142215 0.174567 
0.502608 0.0152188 0.175376 
0.502746 0.0162249 0.176266 
0.501829 0.0186956 0.17934 
0.501634 0.0193457 0.180699 
0.501417 0.0199017 0.182112 
0.501067 0.0205335 0.183805 
0.500911 0.0210793 0.185775 
0.500682 0.0213982 0.187543 
0.500488 0.0218656 0.190704 
0.500131 0.0219683 0.191811 
0.499907 0.0219002 0.192639 
0.499633 0.0216344 0.193311 
0.499428 0.0213388 0.194139 
0.499155 0.0209748 0.194685 
0.498831 0.0205524 0.195085 
0.498503 0.0199768 0.195366 
0.498245 0.0194767 0.195585 
0.497907 0.0190029 0.19537 
0.497447 0.0184976 0.194842 
0.496961 0.0179575 0.194213 
0.496961 0.0179575 0.194213 
0.49648 0.0174488 0.193436 
0.49595 0.0170175 0.192344 
0.495327 0.0165828 0.190761 
0.494767 0.0160449 0.188686 
0.494296 0.0154297 0.18657 
0.493922 0.0147644 0.184448 
0.493627 0.0142485 0.182608 
0.493393 0.0137512 0.18102 
0.493397 0.0132194 0.179852 
0.493558 0.0126136 0.178883 
0.493786 0.011965 0.177985 
0.493971 0.0112938 0.177039 
0.493971 0.0112938 0.177039 
0.494181 0.0105956 0.176326 
0.494713 0.00873275 0.175407 
0.495078 0.00756771 0.175178 
0.495593 0.00492143 0.175067 
0.495777 0.00346344 0.175256 
0.495883 0.00188876 0.175492 
0.496056 0.000263212 0.175898 
0.496114 -0.0013274 0.176346 
0.496068 -0.00274106 0.176745 
0.496052 -0.00398519 0.177148 
0.496095 -0.00507615 0.177446 
0.496125 -0.00581763 0.177842 
0.496222 -0.00614223 0.17817 
0.496573 -0.00625646 0.178494 
0.496932 -0.00617975 0.178729 
0.497449 -0.00582199 0.179156 
0.498032 -0.00490499 0.179926 
0.498588 -0.00366161 0.180506 
0.499139 -0.00224385 0.1811 
0.499785 -0.000681818 0.181703 
0.500254 0.00109278 0.182108 
0.500607 0.00311806 0.182451 
0.500915 0.00521263 0.182801 
0.501711 0.00940189 0.183455 
0.50274 0.011609 0.184093 
0.502656 0.0137153 0.183878 
0.502791 0.0155846 0.18407 
0.502921 0.0173828 0.184267 
0.502968 0.0191116 0.184495 
0.503007 0.0206477 0.184784 
0.503108 0.0219152 0.185179 
0.503298 0.0229681 0.185548 
0.503453 0.023822 0.185975 
0.503538 0.0244464 0.186369 
0.503575 0.0247444 0.186702 
0.50348 0.0248511 0.186941 
0.503339 0.0248713 0.187206 
0.503149 0.0246369 0.187471 
0.502752 0.0235275 0.188358 
0.502409 0.0228268 0.188721 
0.502047 0.022019 0.189003 
0.501809 0.0211449 0.189234 
0.501662 0.0202328 0.189428 
0.501624 0.0194061 0.189736 
0.50153 0.0185608 0.189925 
0.501483 0.0176399 0.189985 
0.501465 0.0166833 0.190022 
0.501464 0.0157554 0.189986 
0.501287 0.014847 0.189904 
0.50115 0.0138301 0.189713 
0.501013 0.0115037 0.189566 
0.500856 0.010174 0.189393 
0.500553 0.0087205 0.188936 
0.500294 0.0071785 0.188687 
0.500294 0.0071785 0.188687 
0.499982 0.00556293 0.188166 
0.499644 0.00393709 0.187523 
0.499206 0.00226746 0.186921 
0.498876 0.000492954 0.186052 
0.498483 -0.00113521 0.185151 
0.49812 -0.00267591 0.183986 
0.497711 -0.00401427 0.182685 
0.497397 -0.00518408 0.18138 
0.497333 -0.00622393 0.180149 
0.497327 -0.00697847 0.179058 
0.497468 -0.00732737 0.178177 
0.497654 -0.00742364 0.177713 
0.497922 -0.00744597 0.177419 
0.498186 -0.00737016 0.177171 
0.498476 -0.00709504 0.177045 
0.498739 -0.0066132 0.176868 
0.499038 -0.00598257 0.176925 
0.499679 -0.00454194 0.177069 
0.499931 -0.00379944 0.177377 
0.500127 -0.00312536 0.177649 
0.500249 -0.00242118 0.177879 
0.500317 -0.00176077 0.178118 
0.500416 -0.00123364 0.178498 
0.500608 -0.000436338 0.179226 
0.500529 3.54061e-05 0.179525 
0.500475 0.000377264 0.179845 
0.500472 0.000600437 0.180206 
0.50028 0.000970507 0.180723 
0.50011 0.00109449 0.18089 
0.50005 0.00114049 0.181077 
0.499985 0.00122519 0.181414 
0.499985 0.00122519 0.181414 
0.499985 0.00122519 0.181414 
0.499985 0.00122519 0.181414 
0.499679 0.00133452 0.181742 
0.499716 0.00136064 0.181876 
0.49967 0.00135735 0.182022 
0.49955 0.00141111 0.182081 
0.499403 0.00146795 0.182042 
0.499299 0.00152406 0.182011 
0.499256 0.00158304 0.181994 
0.499211 0.00170159 0.18202 
0.499146 0.00196146 0.182004 
0.499102 0.00224874 0.181989 
0.499074 0.0025528 0.181871 
0.499074 0.0025528 0.181871 
0.499076 0.00281954 0.181847 
0.499033 0.00306592 0.181931 
0.498984 0.00327812 0.181975 
0.498938 0.00346774 0.181995 
0.498886 0.00362045 0.181929 
0.498849 0.00384997 0.181848 
0.498829 0.00396805 0.181779 
0.49862 0.0041892 0.181665 
0.498575 0.00420796 0.181653 
0.498545 0.00424332 0.181672 
0.498601 0.00428736 0.181698 
0.498669 0.0044062 0.181752 
0.498648 0.00449065 0.181745 
0.498615 0.0045206 0.181787 
0.498656 0.0045315 0.181812 
0.498715 0.00457759 0.181876 
0.498718 0.00466788 0.181939 
0.498674 0.00471622 0.181967 
0.498658 0.0047431 0.182028 
0.498722 0.00479616 0.182126 
0.498815 0.00489126 0.182256 
0.498845 0.00501335 0.182408 
0.498879 0.00510161 0.182564 
0.498879 0.00510161 0.182564 
0.498932 0.00516303 0.182739 
0.498973 0.00522603 0.182885 
0.499017 0.00528485 0.183042 
0.499035 0.00534392 0.18317 
0.499088 0.0053677 0.183347 
0.499195 0.00541039 0.183731 
0.499204 0.00544737 0.183877 
0.499184 0.0054119 0.183967 
0.499231 0.00539301 0.184082 
0.499231 0.00539301 0.184082 
0.499242 0.00540153 0.184225 
0.499256 0.00538926 0.184368 
0.499264 0.00538514 0.184454 
0.499297 0.00538302 0.184576 
0.499297 0.00538302 0.184576 
0.499295 0.00536714 0.184687 
0.499162 0.00532304 0.184835 
0.499049 0.00525305 0.185002 
0.498948 0.00514394 0.185073 
0.49885 0.00504828 0.185055 
0.498764 0.00494118 0.18501 
0.498711 0.00482118 0.185005 
0.498684 0.00476768 0.185014 
0.498617 0.00461701 0.185007 
0.498621 0.0045083 0.185154 
0.498585 0.00423523 0.185233 
0.498557 0.00419106 0.185236 
0.49854 0.00411679 0.185185 
0.49862 0.00400167 0.185253 
0.498635 0.00391229 0.185235 
0.49861 0.00387799 0.185197 
0.49861 0.00387799 0.185197 
0.49858 0.00384539 0.18516 
0.498624 0.00377965 0.185135 
0.498676 0.00369485 0.185071 
0.498691 0.00363249 0.185047 
0.498672 0.00359231 0.184983 
0.498685 0.00355667 0.184924 
0.498687 0.00355829 0.184785 
0.498683 0.00358223 0.184582 
0.49867 0.0036516 0.184273 
0.498674 0.00375949 0.183916 
0.498703 0.00393167 0.183411 
0.498703 0.00393167 0.183411 
0.498703 0.00393167 0.183411 
0.498703 0.00393167 0.183411 
0.499051 0.00449974 0.181075 
0.499084 0.0047484 0.180058 
0.499279 0.00500316 0.178994 
0.499279 0.00500316 0.178994 
0.499789 0.00537595 0.177252 
0.500092 0.00567239 0.176508 
0.500257 0.00576385 0.176666 
0.500376 0.00581989 0.176897 
0.500575 0.00581233 0.177389 
0.500731 0.00571093 0.17809 
0.500821 0.00555495 0.179129 
0.500874 0.00543065 0.180405 
0.500869 0.00522942 0.181779 
0.500809 0.00508172 0.183264 
0.500796 0.00492624 0.184926 
0.500815 0.00471678 0.186684 
0.500639 0.0041836 0.189751 
0.500521 0.00375673 0.190939 
0.500506 0.00327373 0.19221 
0.500466 0.00274511 0.193197 
0.500325 0.00223018 0.194123 
0.500071 0.00168335 0.194524 
0.499915 0.00123615 0.194989 
0.499915 0.00123615 0.194989 
0.499632 0.000464142 0.195069 
0.499494 0.000229822 0.194973 
0.499308 3.8517e-05 0.194576 
0.499213 -0.000309502 0.193531 
0.499213 -0.000309502 0.193531 
0.499159 -0.000365459 0.192946 
0.499018 -0.000382439 0.192072 
0.498958 -0.000384151 0.191051 
0.498983 -0.00037422 0.189948 
0.499097 -0.000338707 0.18908 
0.499142 -0.000262316 0.188266 
0.499142 -0.000262316 0.188266 
0.499168 -0.000200401 0.1876 
0.499197 -0.000185341 0.187113 
0.499312 -0.000531149 0.186218 
0.498413 -0.00140312 0.185823 
0.500398 -0.0067949 0.193856 
0.501534 -0.00857957 0.194844 
0.502697 -0.0100526 0.196122 
0.502506 -0.0114218 0.196637 
0.501409 -0.0142199 0.196206 
0.501389 -0.0155999 0.195559 
0.50149 -0.0171425 0.19635 
0.501549 -0.0178417 0.196899 
0.501505 -0.0186722 0.19699 
0.501505 -0.0186722 0.19699 
0.501365 -0.0189862 0.196765 
0.501443 -0.0192309 0.196591 
0.501242 -0.0193252 0.196295 
0.501232 -0.0193001 0.196194 
0.501219 -0.0191956 0.195889 
0.50135 -0.0189449 0.195599 
0.501466 -0.0186708 0.195056 
0.501625 -0.0183926 0.194428 
0.501914 -0.0182091 0.193667 
0.502633 -0.0176571 0.193062 
0.502633 -0.0176571 0.193062 
0.502908 -0.0171743 0.192948 
0.503085 -0.0168809 0.192732 
0.503245 -0.0167484 0.192442 
0.503342 -0.0164581 0.192322 
0.503504 -0.0161074 0.192203 
0.503488 -0.0155968 0.192213 
0.503488 -0.0155968 0.192213 
0.5036 -0.0155174 0.192413 
0.503829 -0.0151781 0.192061 
0.504279 -0.0144415 0.1911 
0.504355 -0.0142439 0.190732 
0.504503 -0.0140072 0.190616 
0.504635 -0.0138345 0.19039 
0.504802 -0.0136687 0.190305 
0.504975 -0.0133769 0.19021 
0.505217 -0.0131526 0.190139 
0.505526 -0.0128428 0.190355 
0.505615 -0.0126106 0.190455 
0.505655 -0.0123564 0.190352 
0.505865 -0.0120796 0.190317 
0.505865 -0.0120796 0.190317 
0.505891 -0.0119855 0.1903 
0.505811 -0.0118448 0.190142 
0.505773 -0.0116568 0.189989 
0.505773 -0.0116568 0.189989 
0.505798 -0.0115683 0.189953 
0.505889 -0.0110638 0.190014 
0.505965 -0.0109461 0.19008 
0.506038 -0.0107608 0.19013 
0.506157 -0.010571 0.190232 
0.506232 -0.010224 0.190377 
0.506322 -0.0100197 0.190305 
0.506423 -0.00982274 0.190177 
0.506549 -0.00962962 0.190021 
0.506653 -0.00946724 0.189801 
0.506685 -0.00932858 0.189604 
0.506687 -0.00921233 0.18949 
0.50678 -0.00899234 0.189256 
0.506923 -0.00881364 0.189199 
0.507172 -0.00851399 0.188826 
0.507316 -0.00820234 0.188441 
0.507316 -0.00820234 0.188441 
0.507541 -0.00793638 0.188399 
0.507764 -0.00768009 0.188428 
0.507914 -0.00740777 0.188563 
0.508055 -0.00714422 0.188802 
0.508263 -0.00664724 0.189706 
0.508443 -0.00652539 0.19072 
0.508605 -0.00637041 0.192254 
0.508756 -0.00608852 0.194306 
0.508772 -0.00568854 0.196658 
0.508993 -0.00531332 0.199193 
0.509277 -0.00501794 0.201777 
0.509613 -0.00484578 0.203951 
0.509804 -0.00471589 0.205964 
0.509804 -0.00471589 0.205964 
0.509804 -0.00471589 0.205964 
0.509878 -0.00609874 0.208978 
0.509681 -0.00704629 0.209877 
0.509681 -0.00704629 0.209877 
0.509094 -0.00946117 0.208974 
0.508605 -0.0121241 0.205962 
0.508353 -0.0133493 0.203851 
0.508231 -0.0143493 0.201746 
0.508468 -0.0164633 0.186427 
0.508778 -0.0161916 0.183511 
0.509094 -0.0156757 0.18074 
0.509638 -0.0149501 0.178233 
0.510168 -0.0138047 0.17615 
0.511302 -0.0106463 0.172721 
0.511801 -0.00883805 0.17145 
0.512348 -0.00676911 0.170822 
0.512919 -0.00443713 0.170684 
0.513492 -0.00209901 0.170865 
0.514711 0.00255558 0.172864 
0.515428 0.00476985 0.174253 
0.516252 0.00693826 0.176114 
0.517068 0.0089358 0.178317 
0.517767 0.0105347 0.180647 
0.518134 0.011668 0.182574 
0.518465 0.0125016 0.184687 
0.51884 0.0132155 0.187551 
0.519395 0.0128957 0.191979 
0.519395 0.0128957 0.191979 
0.519107 0.0120795 0.193804 
0.518695 0.0106709 0.195074 
0.518129 0.00875554 0.195917 
0.517516 0.00666328 0.19675 
0.51689 0.00440186 0.197145 
0.515752 -0.000221767 0.197052 
0.515134 -0.00260012 0.196546 
0.514134 -0.00709697 0.195638 
0.513646 -0.00901191 0.194738 
0.513226 -0.0107471 0.194035 
0.512766 -0.0123558 0.193317 
0.512379 -0.0138674 0.19233 
0.512024 -0.0151487 0.191297 
0.511753 -0.0162579 0.189931 
0.511577 -0.0171065 0.188646 
0.511361 -0.0179551 0.187227 
0.510714 -0.0192125 0.184204 
0.510472 -0.0196535 0.179711 
0.510699 -0.01943 0.178108 
0.51097 -0.0188573 0.176918 
0.511424 -0.0179921 0.175713 
0.511961 -0.0168256 0.174714 
0.51264 -0.0153286 0.174236 
0.513213 -0.0137393 0.174097 
0.513828 -0.0120839 0.174353 
0.514506 -0.0103762 0.175085 
0.515225 -0.0086793 0.176257 
0.515842 -0.00706197 0.177389 
0.516462 -0.00556294 0.178743 
0.516878 -0.00418721 0.180209 
0.517032 -0.00296421 0.181712 
0.517189 -0.00189632 0.183325 
0.517346 -0.00103714 0.18471 
0.517474 -0.000379126 0.18599 
0.517587 -2.80952e-05 0.18712 
0.517587 -2.80952e-05 0.18712 
0.517757 0.000204592 0.188606 
0.517917 0.000248194 0.190032 
0.517652 -0.000726223 0.191059 
0.517377 -0.0016975 0.190674 
0.517079 -0.00284565 0.190022 
0.516766 -0.00415393 0.189332 
0.51645 -0.00558851 0.188409 
0.516017 -0.00706594 0.187343 
0.515418 -0.00850315 0.186323 
0.514873 -0.00990346 0.184967 
0.514325 -0.0119152 0.183834 
0.514037 -0.0129345 0.182638 
0.513747 -0.0137814 0.181707 
0.513738 -0.0143319 0.18086 
0.514 -0.014461 0.180232 
0.514339 -0.0137011 0.179661 
0.514602 -0.0129246 0.179624 
0.514836 -0.0120727 0.179643 
0.514975 -0.0111516 0.179706 
0.515123 -0.0101122 0.179752 
0.515323 -0.00899083 0.179962 
0.515607 -0.00780728 0.1803 
0.515939 -0.00653493 0.180884 
0.516077 -0.00526137 0.181319 
0.516181 -0.00396075 0.1817 
0.516307 -0.00267249 0.182033 
0.516519 -0.00138849 0.182576 
0.516727 -0.000270971 0.18298 
0.51694 0.000864931 0.183374 
0.51723 0.00279612 0.183788 
0.517336 0.00342264 0.183907 
0.517337 0.00383826 0.183959 
