0.5 0 0.2 
0.500448 -0.00143483 0.20042 
0.500448 -0.00143483 0.20042 
0.500379 -0.00195922 0.20069 
0.500761 -0.00243604 0.201288 
0.500761 -0.00243604 0.201288 
0.501046 -0.00282046 0.201765 
0.501106 -0.00321356 0.202181 
0.50159 -0.00400979 0.203217 
0.50159 -0.00400979 0.203217 
0.501741 -0.00405293 0.203425 
0.501192 -0.00485473 0.202852 
0.501191 -0.00518269 0.202339 
0.50106 -0.00549755 0.201594 
0.501024 -0.00558064 0.200765 
0.501026 -0.00530698 0.199837 
0.500929 -0.00511989 0.198902 
0.500805 -0.00503007 0.197866 
0.500633 -0.00506114 0.196823 
0.501105 -0.00541335 0.196291 
0.501214 -0.0050895 0.194663 
0.501533 -0.00505175 0.193423 
0.501429 -0.00510776 0.192929 
0.501105 -0.00485474 0.191901 
0.501027 -0.0045153 0.191469 
0.50091 -0.0041088 0.191076 
0.500779 -0.00373534 0.190772 
0.500613 -0.00334016 0.190446 
0.501014 -0.00265024 0.190442 
0.501014 -0.00265024 0.190442 
0.501526 -0.00176355 0.19069 
0.502721 0.00131519 0.191441 
0.503349 0.00302848 0.191622 
0.503953 0.00487074 0.192074 
0.50474 0.00643568 0.192334 
0.505231 0.00784677 0.192407 
0.505844 0.00932959 0.192639 
0.506498 0.0104884 0.192981 
0.506766 0.011771 0.193179 
0.507045 0.0128032 0.193474 
0.507537 0.0146991 0.193899 
0.507778 0.0153878 0.193972 
0.50793 0.0158901 0.194019 
0.508072 0.0163669 0.193976 
0.508669 0.0162039 0.194304 
0.508228 0.0164246 0.19379 
0.508228 0.0164246 0.19379 
0.508581 0.0161713 0.19382 
0.507981 0.0164395 0.193225 
0.507668 0.0165817 0.192735 
0.507025 0.0162759 0.191898 
0.50628 0.0152416 0.190641 
0.50566 0.0134446 0.189154 
0.504447 0.011698 0.187403 
0.503259 0.00957453 0.185755 
0.501912 0.00747041 0.184032 
0.500514 0.00568431 0.182449 
0.500514 0.00568431 0.182449 
0.499707 0.00340058 0.18135 
0.498836 0.00170415 0.180419 
0.498668 0.000326666 0.1799 
0.498307 -0.000942203 0.179656 
0.49832 -0.0014619 0.179648 
0.49845 -0.00181105 0.179705 
0.498604 -0.00175363 0.179795 
0.499139 -0.00166095 0.180174 
0.500859 0.00130567 0.182583 
0.501085 0.00293799 0.18348 
0.501439 0.00412021 0.184369 
0.501833 0.00549231 0.185546 
0.502437 0.00881654 0.188027 
0.502773 0.0104435 0.189228 
0.502773 0.0104435 0.189228 
0.502926 0.0120269 0.190512 
0.503936 0.0140102 0.193137 
0.504892 0.0153116 0.195356 
0.504892 0.0153116 0.195356 
0.505231 0.015653 0.196549 
0.505328 0.0162919 0.197048 
0.505688 0.0169012 0.197656 
0.5058 0.0171474 0.197717 
0.50585 0.0173795 0.1975 
0.505612 0.0172768 0.196945 
0.505258 0.0173155 0.196094 
0.50471 0.0172671 0.194802 
0.503846 0.0167735 0.192456 
0.503551 0.0166579 0.190875 
0.503153 0.0164489 0.189391 
0.502827 0.0163859 0.188001 
0.502582 0.0164046 0.186635 
0.502582 0.0164046 0.186635 
0.502265 0.0164193 0.185207 
0.502185 0.0162746 0.184117 
0.502296 0.0162786 0.183343 
0.502392 0.0163065 0.18253 
0.502316 0.0162215 0.181791 
0.502412 0.016287 0.181187 
0.50248 0.0162944 0.180596 
0.502667 0.0159758 0.179754 
0.502977 0.0158538 0.179423 
0.503551 0.0158773 0.178806 
0.503293 0.0163438 0.178222 
0.500504 0.018702 0.176903 
0.500611 0.0250129 0.176049 
0.512534 0.0351253 0.170899 
0.527741 0.0492357 0.171774 
0.539122 0.0514418 0.183139 
0.561567 0.0328701 0.23441 
0.562895 0.0274286 0.259954 
0.56354 0.025762 0.282533 
0.564014 0.0263557 0.292699 
0.563108 0.0264374 0.290966 
0.563694 0.0271052 0.287155 
0.563694 0.0271052 0.287155 
0.563694 0.0271052 0.287155 
0.566285 0.0303475 0.274614 
0.567929 0.0313317 0.266611 
0.568024 0.030357 0.257022 
0.565561 0.0302502 0.244485 
0.561596 0.0302315 0.23232 
0.556874 0.0308508 0.220244 
0.550745 0.0313768 0.209375 
0.54208 0.0328588 0.200567 
0.534236 0.0343128 0.194022 
0.530775 0.0350512 0.19013 
0.529625 0.0352609 0.187422 
0.528484 0.0353994 0.184898 
0.527479 0.0357276 0.18304 
0.525924 0.0355894 0.181102 
0.525693 0.0356382 0.179903 
0.525693 0.0356382 0.179903 
0.525159 0.0357463 0.178918 
0.524741 0.0363751 0.178523 
0.524741 0.0363751 0.178523 
0.524422 0.0362486 0.179116 
0.524817 0.0374467 0.179062 
0.524936 0.0371979 0.180229 
0.524871 0.036844 0.18043 
0.524917 0.0366544 0.180925 
0.524685 0.0363669 0.181421 
0.525041 0.0358546 0.182255 
0.524902 0.0351031 0.182969 
0.525193 0.0343947 0.183702 
0.524588 0.0332701 0.185353 
0.524954 0.0315837 0.187493 
0.525025 0.0310258 0.187997 
0.525168 0.0302086 0.188691 
0.525089 0.0294227 0.189235 
0.525357 0.027836 0.190682 
0.52544 0.026825 0.191181 
0.525512 0.0257867 0.191545 
0.525512 0.0257867 0.191545 
0.525547 0.0245376 0.192047 
0.525243 0.0232129 0.192243 
0.524046 0.0205435 0.191741 
0.523376 0.0193172 0.190955 
0.522753 0.0180217 0.190116 
0.522426 0.0173656 0.188969 
0.522199 0.0165168 0.187524 
0.522173 0.0156434 0.185966 
0.522248 0.0147397 0.184311 
0.522217 0.0142143 0.182712 
0.521862 0.0138953 0.181083 
0.521862 0.0138953 0.181083 
0.522097 0.0136408 0.179756 
0.522462 0.0137238 0.178331 
0.522985 0.0140986 0.177228 
0.524313 0.0148939 0.175311 
0.524807 0.0152991 0.174444 
0.525144 0.0160582 0.173594 
0.525439 0.016885 0.173086 
0.525739 0.0176626 0.17272 
0.526335 0.0184378 0.172632 
0.527242 0.0206814 0.172628 
0.528055 0.0218299 0.1733 
0.528586 0.0226523 0.173965 
0.529265 0.0236815 0.174878 
0.530087 0.0248667 0.175924 
0.531574 0.0257981 0.177425 
0.532184 0.026809 0.178466 
0.532882 0.0273648 0.179694 
0.532259 0.0278837 0.180666 
0.532259 0.0278837 0.180666 
0.533534 0.0284783 0.183083 
0.533648 0.029226 0.184795 
0.533969 0.0297513 0.186843 
0.534038 0.0298413 0.188353 
0.533834 0.0300574 0.189472 
0.533366 0.0303282 0.190132 
0.53294 0.030405 0.190841 
0.531726 0.0303491 0.191081 
0.530776 0.0301664 0.191627 
0.529591 0.030041 0.191962 
0.528792 0.0295514 0.191999 
0.528287 0.0288897 0.191941 
0.527571 0.028106 0.19151 
0.527571 0.028106 0.19151 
0.526671 0.0270508 0.190889 
0.52586 0.0258558 0.189923 
0.52528 0.0244695 0.1889 
0.524778 0.0231654 0.187682 
0.523696 0.0207085 0.184558 
0.522925 0.0190198 0.182119 
0.522243 0.0147387 0.17749 
0.522093 0.012641 0.175211 
0.520266 0.00462393 0.16335 
0.519963 0.00304002 0.161161 
0.520009 0.00174463 0.159092 
0.520257 0.000414222 0.155486 
0.521679 -7.18822e-05 0.152016 
0.522088 0.000619884 0.150385 
0.522511 0.00180346 0.148911 
0.521764 0.00399256 0.147253 
0.523465 0.00771087 0.146444 
0.524288 0.00988556 0.146915 
0.524642 0.012188 0.147706 
0.525123 0.0141279 0.148996 
0.525822 0.017773 0.152153 
0.527205 0.0214973 0.156948 
0.528146 0.0230449 0.159655 
0.529131 0.0245676 0.162306 
0.529975 0.0259413 0.165032 
0.530725 0.0274754 0.168019 
0.531189 0.0292589 0.170901 
0.531709 0.0307479 0.173905 
0.532363 0.0319238 0.176613 
0.532416 0.0330556 0.178819 
0.532944 0.0337692 0.181818 
0.533118 0.0350724 0.187472 
0.533147 0.035543 0.191113 
0.533147 0.035543 0.191113 
0.533163 0.0351935 0.192353 
0.532888 0.0343865 0.193176 
0.532353 0.0328508 0.193608 
0.532078 0.031729 0.193334 
0.531767 0.0302958 0.192735 
0.531247 0.0287812 0.191816 
0.530287 0.0271269 0.190466 
0.529703 0.0251784 0.189261 
0.528777 0.0231541 0.187845 
0.527982 0.0208357 0.186779 
0.527296 0.018451 0.185784 
0.526583 0.0161857 0.184758 
0.525785 0.014046 0.183473 
0.525785 0.014046 0.183473 
0.525114 0.0119261 0.182388 
0.524809 0.00978898 0.181161 
0.524155 0.00592273 0.178445 
0.523742 0.00405943 0.176912 
0.523671 0.00240218 0.175574 
0.522839 0.000278205 0.172889 
0.522253 -0.0005039 0.171654 
0.521692 -0.000774282 0.170801 
0.521497 -0.000941529 0.170841 
0.521777 -0.000759851 0.171451 
0.522284 -0.000468321 0.172281 
0.5228 -0.000437474 0.173912 
0.523345 -0.000372324 0.176172 
0.524122 -0.000430358 0.179164 
0.524561 -0.000743662 0.184091 
0.524797 -0.00107129 0.186469 
0.525158 -0.00145446 0.190397 
0.52523 -0.00210211 0.192161 
0.525284 -0.00273849 0.193837 
0.52517 -0.00361665 0.194905 
0.525 -0.00442127 0.195642 
0.524497 -0.00493342 0.195533 
0.52402 -0.00546201 0.194838 
0.523808 -0.00528913 0.194338 
0.523166 -0.00512787 0.193465 
0.522788 -0.0043035 0.192279 
0.522562 -0.00204001 0.190095 
0.522621 -0.000536855 0.189236 
0.522621 -0.000536855 0.189236 
0.522593 0.000808257 0.18862 
0.522915 0.00312035 0.188032 
0.522922 0.00547023 0.187686 
0.523294 0.00742253 0.187983 
0.523489 0.00950042 0.188204 
0.523562 0.0117359 0.188455 
0.524324 0.013982 0.189151 
0.524778 0.0161983 0.189666 
0.525254 0.0185041 0.190021 
0.52581 0.0210204 0.190327 
0.52558 0.0236994 0.190059 
0.52578 0.0260683 0.19032 
0.525884 0.0288429 0.190196 
0.525932 0.0309582 0.190248 
0.5258 0.0331684 0.190045 
0.526268 0.035034 0.190399 
0.526268 0.035034 0.190399 
0.527036 0.0379805 0.191199 
0.527353 0.0386985 0.191556 
0.527955 0.0395205 0.191515 
0.527519 0.0390596 0.189857 
0.527289 0.0385229 0.188512 
0.526186 0.0379722 0.186659 
0.525481 0.0369809 0.184573 
0.525033 0.0353213 0.182385 
0.524738 0.0334339 0.179967 
0.524119 0.0310296 0.177431 
0.523972 0.0286931 0.175265 
0.523555 0.026395 0.173258 
0.523804 0.0235203 0.171664 
0.523965 0.0209772 0.170042 
0.524211 0.0180189 0.168926 
0.524757 0.0148446 0.168128 
0.525266 0.0116484 0.167445 
0.525871 0.00877606 0.166905 
0.525954 0.00603113 0.166047 
0.525956 0.00326749 0.165568 
0.52595 0.00124253 0.165078 
0.525923 -0.000842214 0.165021 
0.526191 -0.00265473 0.165442 
0.526191 -0.00265473 0.165442 
0.526539 -0.00604432 0.167299 
0.526315 -0.00747823 0.168413 
0.526435 -0.00849146 0.169629 
0.526371 -0.00986337 0.171288 
0.526358 -0.0108447 0.172871 
0.526373 -0.0113966 0.174199 
0.526778 -0.01127 0.175595 
0.526867 -0.0107331 0.176878 
0.527195 -0.0105985 0.178822 
0.527195 -0.0105985 0.178822 
0.527195 -0.0105985 0.178822 
0.568814 -0.0120997 0.189157 
0.539899 -0.00757213 0.185821 
0.53217 -0.00186737 0.186373 
0.53217 -0.00186737 0.186373 
0.53217 -0.00186737 0.186373 
0.530915 0.00518394 0.187481 
0.530915 0.00518394 0.187481 
0.530889 0.0114283 0.187975 
0.530889 0.0114283 0.187975 
0.530889 0.0114283 0.187975 
0.529628 0.0181012 0.188294 
0.528998 0.02029 0.187642 
0.529375 0.0216574 0.187679 
0.529234 0.0229488 0.187267 
0.529288 0.0240369 0.187149 
0.529288 0.0240369 0.187149 
0.52906 0.025041 0.186621 
0.528692 0.0256391 0.186068 
0.528319 0.0262124 0.185672 
0.527957 0.0266515 0.185477 
0.527834 0.0271694 0.185261 
0.527748 0.0279317 0.185085 
0.527684 0.0287363 0.184895 
0.527646 0.0291554 0.184827 
0.527586 0.0293185 0.184849 
0.52607 0.0299594 0.183987 
0.525063 0.0301901 0.183762 
0.525352 0.029901 0.184772 
0.524432 0.0302472 0.184461 
0.524432 0.0302472 0.184461 
0.524706 0.0295954 0.185676 
0.523733 0.029394 0.185494 
0.522931 0.0289768 0.185569 
0.522346 0.0283594 0.18554 
0.521111 0.0278242 0.185549 
0.521014 0.0265817 0.185824 
0.519951 0.0239528 0.18516 
0.520318 0.021507 0.185494 
0.520105 0.0196305 0.185214 
0.519728 0.0177301 0.184447 
0.519717 0.0159945 0.183456 
0.519506 0.0146073 0.182044 
0.519081 0.0133161 0.180563 
0.517724 0.0130908 0.178083 
0.518264 0.0109467 0.177572 
0.518239 0.0095421 0.1764 
0.516383 0.0100975 0.173708 
0.517264 0.0070722 0.171784 
0.51709 0.00588452 0.170317 
0.517242 0.00476559 0.169084 
0.5171 0.00432299 0.167555 
0.517101 0.00401702 0.166147 
0.517065 0.0039225 0.164945 
0.516981 0.00401118 0.163922 
0.516981 0.00401118 0.163922 
0.516929 0.00415378 0.162988 
0.517576 0.00451066 0.16251 
0.518513 0.00595315 0.162305 
0.519432 0.00717307 0.162822 
0.519432 0.00717307 0.162822 
0.520596 0.0075896 0.163484 
0.521086 0.0108963 0.164877 
0.521972 0.0134782 0.166409 
0.52283 0.0159724 0.168034 
0.523687 0.0186073 0.169772 
0.524467 0.0206424 0.171591 
0.524467 0.0206424 0.171591 
0.524968 0.0228694 0.173231 
0.523756 0.025578 0.17388 
0.524267 0.0294608 0.176995 
0.526884 0.0333582 0.18243 
0.530288 0.0349022 0.186406 
0.530983 0.0352039 0.18749 
0.531583 0.0349915 0.187941 
0.530669 0.0347086 0.186901 
0.529888 0.0340703 0.185723 
0.528751 0.0328392 0.184146 
0.528751 0.0328392 0.184146 
0.52763 0.0297703 0.181077 
0.525931 0.0266121 0.176581 
0.52494 0.0245957 0.173997 
0.524007 0.0224003 0.171263 
0.523355 0.0202766 0.168616 
0.523355 0.0202766 0.168616 
0.522757 0.0182083 0.166238 
0.522292 0.0160432 0.164067 
0.521967 0.0140237 0.162286 
0.52202 0.0119499 0.161126 
0.521757 0.0103018 0.159883 
0.521572 0.00900152 0.158945 
0.521572 0.00900152 0.158945 
0.521684 0.00793704 0.158485 
0.521981 0.00660052 0.158947 
0.522289 0.00627479 0.159731 
0.52314 0.00747364 0.165004 
0.523279 0.00839426 0.166504 
0.523279 0.00839426 0.166504 
0.523705 0.00905485 0.168283 
0.523869 0.0100545 0.170045 
0.524115 0.011297 0.171759 
0.5243 0.0126747 0.173504 
0.524624 0.0149804 0.176262 
0.52456 0.0158299 0.176998 
0.524381 0.0167027 0.177519 
0.523944 0.0174972 0.177597 
0.52384 0.0181162 0.177635 
0.523429 0.0187592 0.177435 
0.523591 0.0189225 0.177281 
0.52319 0.0194141 0.176617 
0.522965 0.0196566 0.176009 
0.522761 0.0200421 0.17523 
0.522646 0.0201863 0.174608 
0.520322 0.0210135 0.172053 
0.518518 0.0217874 0.170602 
0.518518 0.0217874 0.170602 
0.518024 0.0220546 0.169967 
0.517801 0.0222549 0.169551 
0.517518 0.022448 0.168985 
0.517115 0.0227262 0.168503 
0.517115 0.0227262 0.168503 
0.516835 0.0229878 0.168109 
0.516536 0.0231569 0.167707 
0.516409 0.0231435 0.167565 
0.516409 0.0231435 0.167565 
0.516023 0.0234696 0.167407 
0.515787 0.0237444 0.167435 
0.515577 0.0238498 0.16745 
0.515727 0.0239222 0.167651 
0.515829 0.024069 0.167864 
0.51588 0.0241973 0.168058 
0.515932 0.0242314 0.168328 
0.516023 0.0242631 0.168616 
0.516162 0.0242835 0.168989 
0.516184 0.0242889 0.169242 
0.516292 0.0242852 0.169473 
0.516399 0.0243007 0.169578 
0.516544 0.0243035 0.169484 
0.516516 0.0242516 0.169314 
0.516469 0.0241874 0.16902 
0.516209 0.0236838 0.168116 
0.515847 0.023422 0.167519 
0.515541 0.0229475 0.166944 
0.515315 0.0224773 0.166348 
0.515184 0.0220601 0.165851 
0.515142 0.0216028 0.165332 
0.514908 0.0211623 0.164331 
0.514901 0.0211843 0.163999 
0.514877 0.0211705 0.163678 
0.514764 0.0211371 0.163331 
0.514776 0.0211175 0.163109 
0.514807 0.0210388 0.162971 
0.514807 0.0210388 0.162971 
0.514924 0.0209453 0.163 
0.514896 0.0208654 0.162943 
0.514907 0.0208201 0.162917 
0.514921 0.020751 0.162979 
0.515128 0.02064 0.163122 
0.515363 0.0205882 0.163355 
0.515752 0.0206243 0.163714 
0.515915 0.0207272 0.163993 
0.515987 0.0206833 0.164358 
0.516303 0.0205546 0.164889 
0.516224 0.0205777 0.165381 
0.516292 0.020546 0.165823 
0.516352 0.0205329 0.166336 
0.516352 0.0205329 0.166336 
0.516492 0.020381 0.166903 
0.516589 0.0202501 0.167449 
0.516477 0.0203153 0.167818 
0.516601 0.0202822 0.168355 
0.5168 0.020097 0.168852 
0.518324 0.0190831 0.174806 
0.518557 0.0182121 0.176436 
0.518819 0.0179297 0.176998 
0.518648 0.0177968 0.177102 
0.518462 0.0175614 0.177024 
0.518038 0.0170536 0.17664 
0.517554 0.0165005 0.175834 
0.517093 0.0162189 0.174741 
0.517093 0.0162189 0.174741 
0.515828 0.016067 0.17327 
0.514555 0.0159673 0.171314 
0.514252 0.0155716 0.169372 
0.514453 0.0152067 0.166988 
0.514507 0.0146088 0.164197 
0.514548 0.0138959 0.161512 
0.514665 0.0132587 0.159066 
0.515139 0.0126943 0.157072 
0.515257 0.0124587 0.155212 
0.51816 0.0117018 0.153134 
0.519487 0.012404 0.152654 
0.520373 0.0128859 0.1524 
0.521245 0.0135207 0.152318 
0.52135 0.0146068 0.152421 
0.522076 0.0152709 0.152837 
0.522088 0.0165104 0.153379 
0.5222 0.0176804 0.154182 
0.522206 0.0189511 0.155039 
0.518718 0.0232423 0.157215 
0.51856 0.0242137 0.158549 
0.518531 0.0249945 0.159971 
0.518261 0.0259837 0.161591 
0.518165 0.0265419 0.163517 
0.518115 0.0268246 0.165276 
0.518532 0.0272292 0.16856 
0.518182 0.0273495 0.169638 
0.518055 0.0274195 0.170451 
0.517946 0.0272891 0.171116 
0.517897 0.0268477 0.171972 
0.518239 0.0261862 0.172716 
0.518261 0.0256638 0.173196 
0.517695 0.0248868 0.173369 
0.517517 0.0242813 0.173596 
0.517468 0.0235129 0.173519 
0.516935 0.022957 0.172954 
0.515605 0.0225065 0.172002 
0.515605 0.0225065 0.172002 
0.514478 0.0221772 0.17095 
0.513448 0.0221972 0.169558 
0.512365 0.0218778 0.167736 
0.511348 0.021638 0.165398 
0.510467 0.0213128 0.163026 
0.509757 0.0206412 0.160722 
0.508934 0.0203415 0.158575 
0.508389 0.0199622 0.156743 
0.508463 0.0194032 0.155458 
0.508908 0.0187468 0.154469 
0.509196 0.0177624 0.153547 
0.509533 0.0169261 0.1526 
0.509533 0.0169261 0.1526 
0.509835 0.0161248 0.15188 
0.510684 0.0141631 0.151 
0.511477 0.0127354 0.150864 
0.512614 0.00958089 0.150937 
0.513006 0.0078609 0.151237 
0.512876 0.00589995 0.151489 
0.513115 0.0039906 0.152015 
0.513016 0.00210151 0.152528 
0.512684 0.000570514 0.152911 
0.512284 -0.000946234 0.153283 
0.512023 -0.0023701 0.153585 
0.51193 -0.00306517 0.153956 
0.511878 -0.00320944 0.154219 
0.512237 -0.00324923 0.154544 
0.512607 -0.00310635 0.154781 
0.513304 -0.00293953 0.155312 
0.514256 -0.00191287 0.156182 
0.514901 -0.000471197 0.156756 
0.515344 0.00109527 0.157294 
0.516074 0.00241014 0.157982 
0.516593 0.00421078 0.158415 
0.516901 0.00646356 0.158713 
0.517339 0.00870591 0.159083 
0.518432 0.0130072 0.159834 
0.521651 0.0142591 0.161458 
0.519928 0.0170715 0.160576 
0.519841 0.0190166 0.160722 
0.519508 0.0210261 0.160771 
0.519326 0.0231307 0.160889 
0.519256 0.0249599 0.161104 
0.519214 0.0262446 0.161445 
0.519471 0.027282 0.161812 
0.519741 0.0280997 0.162251 
0.520142 0.0287198 0.162719 
0.520507 0.0291629 0.163109 
0.520574 0.0294015 0.163357 
0.520447 0.0294221 0.16361 
0.52041 0.0292221 0.163906 
0.520291 0.0283167 0.164815 
0.520125 0.0278155 0.165197 
0.519615 0.0267879 0.165466 
0.519148 0.0258578 0.165628 
0.519104 0.0247788 0.165871 
0.519235 0.0239163 0.166226 
0.519123 0.0229666 0.166409 
0.519338 0.0218796 0.166567 
0.519412 0.0207996 0.16665 
0.519407 0.0198317 0.166626 
0.519049 0.0188692 0.1665 
0.518796 0.0179392 0.166264 
0.518648 0.0156082 0.166145 
0.51843 0.0144014 0.165973 
0.517971 0.0129152 0.165506 
0.517503 0.0113231 0.165234 
0.517503 0.0113231 0.165234 
0.51685 0.0098046 0.164619 
0.516337 0.00826388 0.163938 
0.515461 0.00654816 0.163246 
0.514759 0.00422468 0.162393 
0.513893 0.00262369 0.161363 
0.513138 0.00101261 0.160115 
0.512132 -0.000183115 0.158635 
0.511433 -0.0012504 0.157228 
0.511045 -0.00236525 0.155935 
0.51064 -0.00313585 0.154751 
0.510738 -0.00327826 0.153823 
0.510905 -0.00306647 0.153298 
0.51119 -0.00303906 0.152998 
0.511422 -0.00291263 0.152732 
0.511862 -0.00265693 0.152648 
0.512125 -0.00231541 0.152502 
0.512507 -0.00164512 0.152585 
0.51308 -0.000291549 0.152776 
0.513234 0.000411472 0.153091 
0.513442 0.00102087 0.153409 
0.513515 0.00171748 0.153651 
0.513618 0.00246612 0.153919 
0.513649 0.00296091 0.154293 
0.514057 0.00371922 0.155124 
0.513954 0.00433624 0.155401 
0.513862 0.00467497 0.155717 
0.513845 0.00491234 0.156079 
0.513809 0.00532465 0.156659 
0.513576 0.00551907 0.156818 
0.513553 0.00553065 0.157037 
0.51366 0.0054604 0.15748 
0.51366 0.0054604 0.15748 
0.51366 0.0054604 0.15748 
0.51366 0.0054604 0.15748 
0.513086 0.00558844 0.157771 
0.513331 0.0055164 0.157993 
0.513304 0.0054179 0.158166 
0.513208 0.00551335 0.15824 
0.512961 0.00561436 0.158196 
0.512818 0.00567285 0.158178 
0.512763 0.00573059 0.158168 
0.512674 0.0058407 0.158201 
0.512571 0.0061025 0.158176 
0.512478 0.0064879 0.158147 
0.512426 0.00689568 0.158019 
0.512426 0.00689568 0.158019 
0.512413 0.00723783 0.157994 
0.512311 0.00751386 0.158067 
0.51213 0.0077874 0.158084 
0.512077 0.00799186 0.158104 
0.511944 0.00814112 0.158024 
0.512004 0.00842876 0.15797 
0.512084 0.00860918 0.157921 
0.511655 0.00902502 0.157751 
0.511571 0.00910471 0.157733 
0.511491 0.00920134 0.157741 
0.511551 0.00919796 0.157783 
0.511721 0.00927646 0.157874 
0.511661 0.00942686 0.157852 
0.511583 0.00949536 0.157882 
0.511655 0.00948229 0.157922 
0.511818 0.00945521 0.158031 
0.511855 0.0095261 0.158118 
0.511717 0.00957168 0.158127 
0.51165 0.00963095 0.15817 
0.511756 0.00966112 0.158289 
0.511923 0.00974923 0.158448 
0.511981 0.00995895 0.158594 
0.512027 0.0100603 0.158753 
0.512027 0.0100603 0.158753 
0.512122 0.0100928 0.158949 
0.512243 0.0101802 0.159116 
0.512371 0.010229 0.159301 
0.512406 0.0103124 0.159438 
0.512502 0.0103727 0.159627 
0.512635 0.0103624 0.160044 
0.512642 0.0104475 0.160186 
0.512619 0.0104823 0.160266 
0.512709 0.0104813 0.160398 
0.512709 0.0104813 0.160398 
0.512729 0.010529 0.160548 
0.51275 0.0105253 0.160702 
0.512767 0.0105754 0.160788 
0.512822 0.0105708 0.160927 
0.512822 0.0105708 0.160927 
0.512796 0.0105577 0.161037 
0.512497 0.010666 0.161122 
0.51213 0.0107228 0.161231 
0.511732 0.010722 0.161246 
0.51149 0.0107105 0.161202 
0.51132 0.0107078 0.161135 
0.511367 0.0106431 0.161158 
0.511348 0.0106253 0.161165 
0.511136 0.0105258 0.161123 
0.511231 0.0104227 0.161295 
0.511102 0.0102266 0.161345 
0.511047 0.0102351 0.161338 
0.510934 0.0101842 0.161262 
0.511084 0.0100762 0.161346 
0.511118 0.0100298 0.161327 
0.511132 0.0101027 0.161282 
0.511132 0.0101027 0.161282 
0.511036 0.0101247 0.161221 
0.51114 0.0100823 0.161208 
0.511319 0.0100494 0.16117 
0.51142 0.00996488 0.161175 
0.511397 0.00990909 0.161115 
0.511329 0.00989981 0.161034 
0.511242 0.00998025 0.160862 
0.511106 0.0101204 0.160614 
0.510885 0.0103004 0.160245 
0.510648 0.0105297 0.159818 
0.510335 0.0108718 0.159213 
0.510335 0.0108718 0.159213 
0.510335 0.0108718 0.159213 
0.510335 0.0108718 0.159213 
0.510162 0.011192 0.156784 
0.509918 0.0115418 0.155677 
0.51007 0.0116008 0.154618 
0.51007 0.0116008 0.154618 
0.510415 0.0117265 0.152858 
0.51052 0.0116386 0.152101 
0.510707 0.011579 0.152271 
0.510746 0.0114632 0.152502 
0.511261 0.0111483 0.153102 
0.511896 0.0106346 0.153963 
0.512353 0.0100678 0.155147 
0.512712 0.0098151 0.15652 
0.513014 0.00948109 0.158011 
0.513105 0.00943021 0.159549 
0.513265 0.00943336 0.161277 
0.513429 0.00935678 0.163106 
0.513328 0.00923987 0.16624 
0.513186 0.00891957 0.167462 
0.513242 0.00838259 0.168852 
0.513483 0.00784568 0.170013 
0.513498 0.00731708 0.171059 
0.512872 0.00671354 0.171426 
0.51261 0.00634006 0.171894 
0.51261 0.00634006 0.171894 
0.512178 0.00557481 0.172002 
0.511888 0.00538847 0.171879 
0.511295 0.00530919 0.171393 
0.510725 0.00533752 0.170236 
0.510725 0.00533752 0.170236 
0.510385 0.00553719 0.16958 
0.509633 0.00587892 0.168547 
0.509351 0.00613597 0.16746 
0.509118 0.00622584 0.166302 
0.509308 0.00631035 0.165447 
0.509322 0.00642925 0.164623 
0.509322 0.00642925 0.164623 
0.50931 0.00662894 0.163934 
0.509215 0.00663929 0.163425 
0.509096 0.00580652 0.162561 
0.510178 0.00409932 0.162795 
0.518574 -0.00544173 0.175991 
0.518629 -0.00519177 0.17934 
0.517554 -0.00623567 0.184032 
0.513998 -0.00711584 0.186659 
0.507033 -0.00903905 0.188586 
0.504655 -0.00985324 0.188851 
0.503602 -0.0118732 0.190695 
0.504223 -0.0131461 0.191645 
0.505231 -0.0142921 0.192229 
0.505231 -0.0142921 0.192229 
0.505422 -0.0150369 0.192224 
0.505464 -0.0157408 0.192265 
0.504811 -0.0156107 0.191898 
0.504734 -0.015566 0.191803 
0.50451 -0.0155842 0.19154 
0.504503 -0.0160157 0.191582 
0.504234 -0.0164697 0.191329 
0.504137 -0.0162533 0.190794 
0.504501 -0.0162073 0.190155 
0.505523 -0.0154212 0.18973 
0.505523 -0.0154212 0.18973 
0.505982 -0.0149815 0.189722 
0.506265 -0.0145076 0.189523 
0.506384 -0.0142628 0.189246 
0.506263 -0.0135024 0.188988 
0.506475 -0.012999 0.188839 
0.506162 -0.0117963 0.188767 
0.506162 -0.0117963 0.188767 
0.506643 -0.0118772 0.189093 
0.506943 -0.0110874 0.188669 
0.507733 -0.00978115 0.187821 
0.507724 -0.00968133 0.187497 
0.507894 -0.0092395 0.187349 
0.508087 -0.00894237 0.187124 
0.508425 -0.00890344 0.187157 
0.508657 -0.00846793 0.187101 
0.508822 -0.00806613 0.187045 
0.509286 -0.00794124 0.187444 
0.509347 -0.00760671 0.187594 
0.509157 -0.00715131 0.187494 
0.509339 -0.00674874 0.187551 
0.509339 -0.00674874 0.187551 
0.509332 -0.00658653 0.187599 
0.509001 -0.00644715 0.187457 
0.508759 -0.0060639 0.187268 
0.508759 -0.0060639 0.187268 
0.508864 -0.00605913 0.187296 
0.508884 -0.00539265 0.187321 
0.508829 -0.00516505 0.187361 
0.508851 -0.00479006 0.18737 
0.508967 -0.004496 0.187459 
0.509188 -0.00399363 0.187599 
0.509186 -0.00380446 0.187537 
0.509188 -0.00353083 0.187396 
0.509285 -0.00331274 0.187248 
0.509364 -0.00287583 0.186976 
0.509392 -0.00262148 0.18676 
0.509335 -0.00232855 0.186607 
0.509431 -0.00185245 0.186353 
0.509518 -0.00166281 0.186312 
0.509609 -0.00114464 0.185991 
0.50938 -0.000528869 0.185564 
0.50938 -0.000528869 0.185564 
0.509495 2.09627e-05 0.185485 
0.509744 0.000431603 0.185511 
0.509864 0.000693042 0.18566 
0.510026 0.000977436 0.185915 
0.510413 0.00167639 0.186844 
0.511021 0.00164442 0.188032 
0.511637 0.00155212 0.189764 
0.512156 0.00154975 0.191992 
0.512003 0.00190169 0.194402 
0.512339 0.00191276 0.19707 
0.51229 0.00184672 0.199705 
0.512383 0.00156828 0.20204 
0.512587 0.00156173 0.204162 
0.512587 0.00156173 0.204162 
0.512587 0.00156173 0.204162 
0.51268 -0.000385019 0.207575 
0.512494 -0.00149581 0.208557 
0.512494 -0.00149581 0.208557 
0.511236 -0.00413097 0.207716 
0.510224 -0.00733284 0.204887 
0.509366 -0.00866683 0.202806 
0.509155 -0.00925902 0.200614 
0.508587 -0.00827024 0.184709 
0.508365 -0.00798524 0.181769 
0.508245 -0.00756858 0.179027 
0.508232 -0.00707994 0.17656 
0.508444 -0.00618583 0.174531 
0.509601 -0.00286461 0.171124 
0.509613 -0.000994266 0.169865 
0.509881 0.001483 0.169201 
0.510418 0.00412577 0.169069 
0.511061 0.00678385 0.169274 
0.512676 0.0127798 0.17123 
0.513536 0.0156144 0.172658 
0.514417 0.0184639 0.174565 
0.515606 0.0210121 0.176834 
0.516738 0.0227292 0.179259 
0.517361 0.0237864 0.1813 
0.51812 0.0241273 0.183577 
0.518505 0.0247537 0.186523 
0.518828 0.0241657 0.191102 
0.518828 0.0241657 0.191102 
0.519054 0.0228319 0.19304 
0.51871 0.0209781 0.194393 
0.517439 0.0186312 0.195312 
0.516446 0.0164667 0.196209 
0.515728 0.0140172 0.19668 
0.514135 0.00896498 0.196792 
0.512789 0.00638978 0.196375 
0.511152 0.00156991 0.195644 
0.510212 -0.000513804 0.194837 
0.509884 -0.0020325 0.194145 
0.509386 -0.00377292 0.193494 
0.508962 -0.00542068 0.192553 
0.508639 -0.00686408 0.191574 
0.508512 -0.00802648 0.190225 
0.508479 -0.00867035 0.18891 
0.508147 -0.00929763 0.187459 
0.50694 -0.0095817 0.184291 
0.506454 -0.010101 0.179892 
0.506316 -0.0100915 0.178368 
0.506301 -0.00986498 0.177264 
0.506625 -0.00903741 0.176095 
0.506804 -0.00776748 0.175105 
0.50778 -0.00608836 0.174601 
0.508415 -0.00417756 0.174416 
0.509151 -0.00221841 0.174624 
0.509944 -0.000160184 0.175311 
0.510837 0.00181387 0.176459 
0.511369 0.00382244 0.177592 
0.512045 0.00590824 0.178949 
0.512625 0.00758325 0.180439 
0.512848 0.00921725 0.181938 
0.513194 0.0106422 0.183537 
0.513442 0.0115005 0.18496 
0.513774 0.011998 0.186292 
0.514152 0.0119268 0.187501 
0.514152 0.0119268 0.187501 
0.514299 0.0120918 0.189025 
0.514643 0.0120663 0.190482 
0.514155 0.0105038 0.191605 
0.513341 0.00927537 0.191281 
0.512718 0.00801229 0.190667 
0.512174 0.00655436 0.190023 
0.511686 0.00505461 0.189124 
0.510828 0.00364877 0.18809 
0.510255 0.00215639 0.187102 
0.509464 0.000864861 0.185774 
0.508998 -0.00172047 0.184741 
0.508375 -0.00269094 0.18358 
0.507867 -0.00351353 0.182697 
0.507659 -0.00390898 0.18186 
0.507979 -0.00381239 0.18122 
0.508514 -0.00317287 0.180675 
0.508977 -0.00228972 0.180621 
0.509242 -0.00135699 0.180641 
0.509321 -0.000335792 0.1807 
0.509351 0.00100646 0.180724 
0.50948 0.00254781 0.180892 
0.509709 0.00402018 0.181204 
0.510205 0.00557917 0.181758 
0.51029 0.00724643 0.182166 
0.510447 0.00887303 0.182526 
0.51057 0.0104524 0.182846 
0.510857 0.0120845 0.183365 
0.511242 0.0131922 0.183779 
0.511447 0.0144802 0.184174 
0.511661 0.0166089 0.184605 
0.511622 0.0171422 0.184745 
0.511596 0.0175317 0.184819 
